631.85 350.79 0.56 2135.02
606.92 348.51 0.45 7992.69
485.29 366.20 0.28 650.41
716.66 353.33 0.36 3223.59
471.64 498.61 0.26 3152.12
459.30 654.44 0.48 8257.36
452.39 605.77 0.23 10446.29
530.84 490.38 0.27 2876.67
529.49 627.02 0.35 8311.67
452.65 476.82 0.50 7122.46
318.38 580.72 0.41 2497.45
363.47 511.81 0.53 7892.74
344.60 603.62 0.38 7490.93
514.20 396.37 0.19 5642.35
270.84 531.40 0.46 9879.01
334.57 342.84 0.48 8496.99
358.62 482.62 0.19 3600.08
556.13 189.74 0.47 10515.49
320.36 372.99 0.31 10239.93
591.60 684.30 0.36 1537.66
492.49 809.66 0.52 5918.08
540.45 477.82 0.43 9387.58
289.88 323.18 0.48 4269.62
471.74 591.41 0.44 5381.48
492.28 361.47 0.47 1340.83
