483.77 761.65 0.44 5801.66
606.29 666.47 0.36 1671.05
804.71 613.35 0.46 2292.28
588.03 405.29 0.41 2810.93
563.15 492.70 0.34 8267.66
313.00 613.96 0.38 10150.83
507.03 414.15 0.53 9115.04
289.00 573.96 0.19 3524.31
656.12 362.69 0.35 8013.82
585.79 344.74 0.34 2004.23
495.86 606.53 0.51 7126.20
812.69 635.10 0.47 5631.48
351.84 344.47 0.37 10712.20
518.68 688.91 0.57 1819.92
523.86 520.25 0.31 4485.57
607.19 653.28 0.37 8072.76
706.08 613.16 0.48 5097.92
901.55 428.03 0.29 4017.38
434.71 629.20 0.45 8741.36
464.23 572.45 0.25 6533.08
492.53 775.24 0.43 6648.18
539.83 577.26 0.36 2661.68
732.16 351.46 0.55 9826.83
589.95 650.67 0.44 7551.27
555.82 657.79 0.58 3578.45
605.19 335.27 0.44 6223.99
405.86 556.65 0.37 5782.62
502.46 668.29 0.49 3375.45
739.64 539.53 0.36 7547.60
337.16 273.84 0.42 4853.10
601.08 529.77 0.39 3891.90
610.35 711.75 0.38 10534.80
473.94 558.08 0.46 8788.48
561.92 672.14 0.54 4199.95
110.50 383.62 0.44 4255.60
715.69 614.88 0.25 953.75
626.55 482.66 0.28 9309.58
426.94 326.47 0.55 5750.05
400.09 628.52 0.40 5084.51
448.18 720.58 0.49 1003.15
342.39 460.99 0.33 3516.54
611.50 478.27 0.28 5258.37
384.54 623.51 0.38 3173.91
499.45 371.06 0.50 8458.56
513.56 569.30 0.52 8116.49
635.46 592.85 0.54 5657.95
460.73 504.14 0.47 4244.14
563.65 410.27 0.37 2771.27
674.15 492.59 0.34 4189.13
106.86 397.33 0.51 4067.77
335.40 362.33 0.37 10465.45
652.92 420.53 0.41 4778.88
541.93 540.24 0.37 5385.43
465.15 484.56 0.50 4558.60
466.77 327.69 0.41 8265.63
249.67 380.71 0.34 3167.34
266.87 584.99 0.42 4282.14
663.53 501.28 0.40 5822.29
390.30 188.20 0.42 5033.12
575.26 543.66 0.20 2013.63
544.41 501.80 0.42 2147.65
568.10 189.50 0.49 1189.50
466.87 575.04 0.39 8400.21
526.19 389.00 0.24 1345.84
500.48 752.36 0.43 4138.44
535.93 633.40 0.31 2592.76
469.66 252.53 0.50 2452.84
524.28 584.42 0.45 3910.00
375.79 398.49 0.54 2700.88
467.27 473.36 0.50 9092.94
271.05 397.79 0.48 929.04
136.03 805.60 0.43 5478.40
230.43 642.53 0.21 6366.71
646.27 640.34 0.27 3609.90
619.23 495.62 0.42 3508.45
316.68 653.27 0.45 9851.97
529.24 491.03 0.42 4258.08
375.13 491.67 0.24 3653.59
691.28 442.05 0.35 6959.52
363.33 268.80 0.33 2876.16
546.57 675.54 0.22 8734.15
566.01 279.92 0.30 8409.81
351.75 678.08 0.37 8394.50
434.90 452.57 0.28 5427.15
627.22 451.56 0.25 5880.65
497.01 741.17 0.45 5998.02
441.92 391.02 0.49 4376.89
366.67 545.59 0.46 5373.91
474.27 207.69 0.37 3301.61
454.62 606.80 0.39 4544.34
685.47 660.01 0.60 7721.49
293.40 694.20 0.31 8958.80
697.66 534.65 0.36 6724.69
504.62 633.80 0.46 2093.72
262.21 570.17 0.51 7165.09
331.89 230.15 0.56 4080.08
269.55 457.80 0.39 9140.70
566.48 411.01 0.46 5385.31
767.85 371.73 0.29 4285.76
526.39 433.44 0.20 8881.12
627.83 522.32 0.47 7999.20
549.11 285.76 0.52 6502.92
451.35 299.84 0.43 3668.76
182.22 503.48 0.37 10754.51
516.12 599.28 0.38 4303.78
659.65 412.85 0.34 4168.58
565.86 317.42 0.48 4213.35
381.21 400.99 0.59 9872.49
445.93 374.06 0.30 7958.34
573.43 522.50 0.22 2722.76
108.56 578.84 0.33 3263.21
534.38 574.59 0.43 6822.08
681.20 500.83 0.48 2963.28
839.00 590.75 0.44 3016.81
308.06 609.80 0.39 8661.91
522.77 524.57 0.42 7417.58
378.72 626.98 0.35 1775.80
454.34 365.43 0.38 4906.95
436.32 298.46 0.43 6655.14
288.94 510.82 0.41 1587.57
476.91 504.48 0.53 3989.50
323.43 210.87 0.46 765.80
301.84 536.40 0.35 10233.01
846.48 724.50 0.56 1011.01
409.34 456.80 0.33 3120.85
587.65 375.74 0.45 4937.57
750.15 520.37 0.42 7039.15
639.65 583.90 0.30 5471.84
572.78 407.50 0.35 2626.53
424.48 492.58 0.36 8985.70
512.67 542.49 0.53 6164.15
731.07 518.52 0.32 6048.05
450.45 673.04 0.26 1130.24
508.23 605.35 0.40 3888.17
500.09 351.63 0.45 9108.83
594.69 450.63 0.57 5534.82
531.75 632.81 0.49 9668.89
689.87 511.21 0.33 6031.70
301.63 489.80 0.35 2636.79
622.87 454.87 0.55 1712.79
516.60 676.93 0.26 2960.59
338.59 280.33 0.18 2206.49
579.77 356.87 0.56 5799.48
863.82 669.72 0.34 10656.56
515.89 311.18 0.48 5284.00
376.75 705.42 0.47 10100.67
601.12 507.18 0.39 1264.34
664.40 351.34 0.49 3208.96
314.07 334.04 0.33 10354.65
480.40 397.43 0.40 9803.87
456.94 423.09 0.45 8718.44
504.67 465.59 0.50 955.21
658.52 574.83 0.40 5396.25
670.37 267.10 0.42 1572.25
417.89 572.13 0.57 2585.39
790.33 566.45 0.31 2830.40
738.56 522.51 0.33 5901.74
871.29 252.46 0.37 7065.31
463.70 642.97 0.43 7147.19
662.98 624.09 0.50 6170.97
300.08 262.22 0.42 4510.90
672.35 418.60 0.34 2749.40
569.93 621.64 0.45 10488.66
664.18 578.35 0.53 7457.62
687.79 412.46 0.33 4748.09
267.47 102.67 0.33 5935.20
604.15 584.10 0.48 4726.34
542.11 493.71 0.53 2219.38
366.41 292.70 0.16 1939.87
389.01 845.73 0.26 4840.38
591.43 249.06 0.37 3971.71
512.72 530.63 0.47 9086.04
463.55 541.24 0.49 4375.07
659.66 243.68 0.41 1244.81
320.40 733.95 0.45 10246.28
