618.34 386.61 0.06 3387.40
463.54 420.70 0.04 8710.30
511.06 458.42 0.33 10730.57
434.12 575.84 0.18 7073.58
548.97 692.74 0.10 2999.87
212.00 585.48 0.04 4833.33
362.61 473.74 0.11 5990.18
647.12 562.14 0.32 9370.00
729.17 500.24 0.12 9463.95
356.67 762.27 0.03 8223.51
425.26 591.75 0.02 6233.58
283.98 197.48 0.17 8254.30
680.50 410.07 0.02 2804.57
288.45 313.34 0.11 10262.78
619.70 512.74 0.18 1127.36
593.85 502.84 0.06 1266.95
393.69 837.03 0.18 4794.51
739.50 841.74 0.07 2799.80
652.96 441.58 0.30 1290.08
588.87 351.58 0.04 2251.09
704.38 443.03 0.03 2781.60
459.42 656.95 0.09 9629.04
609.90 333.21 0.22 2519.82
261.11 590.37 0.03 3070.17
464.97 495.60 0.01 10214.12
486.49 615.81 0.02 9874.11
588.67 503.47 0.20 1638.62
241.13 564.17 0.23 8290.15
564.72 329.07 0.11 9567.09
506.74 312.27 0.03 7299.56
444.19 373.43 0.04 4000.30
740.53 493.54 0.19 3721.61
482.10 627.32 0.14 6900.11
492.08 355.65 0.11 3082.63
708.83 585.82 0.06 5274.53
743.85 401.44 0.26 8529.92
279.26 664.12 0.10 4918.13
683.52 389.52 0.18 3027.40
322.72 329.32 0.10 8142.62
422.54 497.25 0.10 4724.48
844.42 543.12 0.14 1805.22
610.76 726.30 0.03 9020.12
570.36 205.99 0.14 1166.99
209.24 634.45 0.34 9506.52
910.81 371.25 0.16 10001.70
324.30 556.67 0.37 2727.76
561.36 565.70 0.17 9240.80
793.94 466.59 0.03 2032.15
545.95 558.82 0.12 5495.58
255.76 258.86 0.10 7100.56
403.95 344.00 0.07 4217.57
548.50 601.85 0.33 2357.69
493.20 359.09 0.13 3805.47
425.06 543.24 0.23 8586.84
511.30 448.07 0.02 8860.58
544.13 432.88 0.12 753.36
465.51 699.19 0.15 6055.37
585.63 570.67 0.12 8994.23
600.74 463.04 0.15 858.42
599.37 363.18 0.08 9056.81
315.32 298.56 0.07 6857.29
552.69 537.42 0.02 8661.35
608.79 483.86 0.01 1495.74
422.67 458.88 0.21 3604.12
335.55 268.35 0.12 9751.53
475.97 290.48 0.01 5291.46
796.41 375.60 0.01 9133.18
197.04 769.77 0.21 1779.59
577.17 615.84 0.15 7574.23
423.61 620.01 0.03 4931.14
235.65 497.36 0.08 9662.45
378.59 729.16 0.06 8265.43
450.01 340.63 0.14 3685.87
249.70 355.76 0.11 10473.10
703.26 436.50 0.21 7607.10
445.39 452.79 0.10 7769.85
352.92 499.64 0.07 1830.92
593.24 353.22 0.09 1032.39
524.26 393.90 0.22 5677.83
675.62 658.73 0.16 4276.23
226.65 294.16 0.01 1206.20
489.29 463.74 0.11 5793.04
456.96 221.78 0.04 7455.90
840.36 865.20 0.16 6756.27
673.00 563.26 0.16 10290.96
517.33 582.42 0.11 4842.86
190.97 647.53 0.04 8236.43
516.67 296.91 0.19 8586.99
337.64 291.42 0.28 6935.57
526.76 479.66 0.13 1178.69
459.44 411.66 0.01 8413.91
568.07 574.69 0.04 5444.46
539.09 433.88 0.04 3786.39
604.43 466.56 0.12 9104.20
494.62 576.92 0.09 9370.35
226.39 359.23 0.03 5562.14
715.47 582.85 0.04 2821.81
617.57 499.70 0.19 9938.48
831.18 631.06 0.09 9363.08
757.50 640.48 0.03 6931.66
396.14 644.85 0.14 8263.95
551.05 861.57 0.31 10711.41
628.61 452.75 0.01 2605.25
735.59 608.49 0.20 7099.48
838.95 366.56 0.08 8615.55
446.61 288.74 0.11 8302.56
394.32 562.75 0.03 2334.63
570.02 610.31 0.23 8438.78
847.24 516.28 0.03 4609.42
633.88 389.29 0.08 5633.06
298.39 688.09 0.04 1398.01
430.39 563.98 0.09 4480.43
268.23 562.57 0.07 1439.31
301.51 516.87 0.05 4325.26
333.42 249.76 0.05 7167.63
340.72 363.82 0.21 9807.62
444.62 442.24 0.04 3226.84
554.35 688.53 0.19 2717.01
289.97 530.77 0.10 5756.09
105.21 568.69 0.19 6500.43
287.65 678.41 0.07 4466.87
851.74 608.38 0.10 7700.16
529.23 685.70 0.12 10695.32
327.43 445.09 0.14 2294.46
549.13 664.83 0.01 7245.71
