424.18 735.15 0.41 10598.61
455.17 646.84 0.56 4541.56
355.38 714.49 0.28 3787.11
778.13 460.52 0.38 2291.78
163.72 380.49 0.50 3088.77
340.67 467.86 0.33 9881.77
649.07 367.12 0.26 7415.25
437.83 325.88 0.38 8923.08
398.57 448.04 0.40 2559.67
432.36 318.15 0.55 3185.40
202.70 475.42 0.48 9153.14
583.10 643.60 0.34 6930.71
842.67 343.51 0.42 5288.51
609.02 467.15 0.45 1775.63
597.59 410.77 0.34 8412.10
346.03 433.25 0.28 4254.54
380.11 508.26 0.35 3736.80
623.42 713.36 0.43 10211.02
494.48 769.92 0.53 7331.73
534.13 792.65 0.46 7754.57
517.49 621.21 0.59 10725.76
409.63 425.53 0.40 7040.76
337.02 678.66 0.34 10653.57
649.47 397.19 0.42 7262.05
537.50 534.02 0.32 925.04
620.42 505.50 0.46 3367.22
377.28 201.75 0.21 3345.24
775.20 480.06 0.45 5877.29
606.62 405.18 0.46 4511.89
239.45 488.47 0.30 10557.74
244.65 619.29 0.42 1883.69
675.21 374.27 0.36 6880.52
599.99 636.84 0.56 7915.86
447.92 564.68 0.30 10635.62
669.46 367.82 0.47 2715.25
532.02 594.14 0.44 910.31
394.63 547.92 0.42 1748.87
588.00 570.37 0.42 5298.95
316.85 436.53 0.30 5711.70
605.52 577.61 0.42 8008.32
421.19 488.61 0.40 7680.74
612.77 304.06 0.43 3467.71
625.73 538.35 0.44 651.63
302.65 272.50 0.35 2385.83
637.53 455.58 0.30 8548.41
603.43 401.22 0.52 3667.93
549.10 562.70 0.41 5700.95
599.66 503.51 0.30 10387.80
579.60 403.17 0.41 9798.31
538.70 579.93 0.28 6517.34
794.60 445.50 0.52 2124.03
252.11 477.62 0.48 6611.24
515.27 305.24 0.43 10014.48
741.08 543.31 0.45 2802.30
466.65 665.07 0.45 8767.76
491.69 552.97 0.23 7763.78
449.08 530.40 0.41 6968.06
781.60 550.90 0.48 10690.40
500.94 417.24 0.51 7180.43
521.81 875.96 0.47 2105.48
124.89 257.13 0.47 8150.01
636.86 427.74 0.24 1597.18
596.31 529.45 0.35 7654.18
702.10 548.88 0.32 3302.45
395.67 523.60 0.48 5098.26
331.30 459.38 0.36 6593.86
597.37 535.46 0.50 5924.36
661.72 485.31 0.16 10370.53
660.51 589.34 0.30 8358.40
352.81 359.16 0.46 6539.44
288.62 466.12 0.25 10417.97
691.97 578.84 0.54 5603.40
440.83 478.18 0.35 9839.64
571.97 508.80 0.53 8325.88
999.00 502.95 0.46 5796.17
537.14 377.96 0.51 4570.07
277.61 312.47 0.23 5289.57
380.29 537.94 0.42 3178.55
210.79 417.84 0.42 10507.61
531.89 778.08 0.28 10435.07
399.60 271.73 0.09 6480.01
688.49 214.04 0.44 2372.28
333.55 367.43 0.37 6379.31
383.11 620.37 0.21 4932.40
577.43 674.54 0.41 8902.77
457.03 495.55 0.32 6412.12
534.20 553.91 0.43 9387.82
744.06 679.62 0.30 10757.09
791.01 639.35 0.46 7319.36
556.40 503.64 0.52 10436.50
576.10 434.35 0.40 2749.12
537.65 447.30 0.44 2363.31
627.09 660.07 0.41 9779.13
596.95 364.39 0.51 8146.00
425.93 598.07 0.38 2741.10
550.73 187.83 0.35 9638.86
534.75 880.94 0.48 852.73
546.78 341.88 0.29 4439.01
505.16 446.48 0.31 10395.25
365.46 501.21 0.31 5189.42
588.52 503.69 0.44 4496.25
525.80 665.56 0.26 4617.79
91.03 276.99 0.49 4831.92
392.46 307.53 0.32 9887.41
478.55 490.63 0.30 4338.83
501.78 548.72 0.39 3041.48
530.40 611.86 0.54 8772.00
313.80 586.24 0.44 3077.22
853.72 464.87 0.45 5525.16
485.53 541.02 0.44 2375.57
593.99 518.53 0.48 5962.99
413.04 665.31 0.23 6111.84
627.45 727.86 0.49 782.83
376.78 615.55 0.45 6323.81
311.43 126.33 0.31 7171.87
468.59 501.39 0.42 4708.13
487.22 680.00 0.39 7597.43
668.35 424.28 0.46 3337.54
448.60 448.10 0.20 1001.14
647.52 814.82 0.31 7526.68
612.40 846.31 0.46 7051.37
324.92 294.67 0.55 3005.22
713.60 287.52 0.37 8335.29
494.39 546.14 0.51 8778.82
464.68 560.16 0.46 10089.83
