354.23 442.41 0.22 4742.25
309.24 565.51 0.12 1636.14
512.25 404.07 0.23 9206.95
753.11 540.45 0.12 3714.77
595.10 279.55 0.31 9034.66
563.02 534.03 0.26 5788.86
337.13 850.97 0.04 2130.10
463.39 376.90 0.30 9541.86
482.42 242.92 0.28 4965.37
254.26 588.75 0.18 5661.80
427.27 568.86 0.06 855.26
238.67 666.60 0.16 2243.99
593.70 888.23 0.07 8157.64
609.82 346.87 0.27 4333.13
416.52 218.69 0.08 1464.30
377.75 436.98 0.18 5555.92
802.84 540.15 0.05 3731.46
664.28 284.10 0.01 7581.37
229.44 384.07 0.13 9872.48
573.26 456.52 0.11 9289.61
833.64 524.96 0.06 1539.84
627.30 799.28 0.26 10290.53
365.21 670.27 0.10 1046.38
477.53 517.79 0.04 3834.38
534.98 639.53 0.21 3566.73
