850.67 782.08 0.57 2566.65
452.67 679.98 0.38 8396.36
439.14 486.21 0.42 1070.03
320.40 493.91 0.46 6112.12
809.81 584.63 0.46 2741.61
466.32 795.71 0.44 4291.79
405.00 451.79 0.39 997.04
521.91 499.21 0.36 5392.20
519.49 535.14 0.36 9905.99
519.12 489.58 0.31 10739.02
539.73 537.48 0.36 1196.75
302.25 328.98 0.25 7870.42
572.57 507.81 0.41 8446.71
616.21 747.56 0.35 10378.96
278.20 602.39 0.47 7522.09
488.31 684.32 0.41 3201.20
768.51 565.85 0.26 6941.40
557.27 630.27 0.45 2805.35
239.23 332.49 0.48 3498.34
523.68 211.51 0.26 3764.25
458.92 787.91 0.45 4487.12
535.25 835.34 0.52 10152.42
715.43 506.61 0.34 6985.03
115.88 698.20 0.41 7931.67
584.82 267.71 0.48 4169.94
690.00 353.39 0.46 10793.70
506.06 632.08 0.35 10579.68
743.40 503.05 0.57 5090.79
569.21 369.43 0.25 4136.28
181.78 522.96 0.46 9932.00
474.04 465.82 0.29 8203.20
617.75 702.92 0.35 6459.01
339.35 617.24 0.38 7606.01
549.17 555.98 0.38 5930.04
667.91 540.94 0.55 7597.36
564.81 480.10 0.35 9127.84
702.99 658.71 0.34 3313.76
553.95 320.53 0.51 2790.10
516.58 481.27 0.36 7770.08
371.61 281.95 0.43 9359.84
271.30 377.77 0.30 5468.81
504.28 585.64 0.50 9027.24
467.47 596.22 0.54 10284.28
492.85 438.46 0.36 9156.51
505.13 510.15 0.49 5716.43
334.41 576.70 0.24 7920.41
517.74 498.38 0.40 3215.22
532.33 343.60 0.45 2734.70
771.20 632.91 0.58 4246.57
588.49 660.74 0.49 7227.48
810.40 379.08 0.14 5634.53
443.25 626.53 0.39 2947.98
496.30 663.66 0.53 7350.49
576.67 459.24 0.32 6439.20
682.39 493.74 0.42 796.55
428.86 470.56 0.50 2125.82
620.44 804.75 0.38 4231.75
486.99 455.02 0.45 7975.30
466.93 484.97 0.38 2072.61
440.23 706.33 0.52 3067.86
767.28 308.20 0.47 4833.95
537.27 555.77 0.51 9793.91
416.26 813.32 0.48 1132.54
848.67 570.18 0.39 1463.30
497.30 413.84 0.26 3948.72
551.25 435.29 0.47 1361.86
554.32 528.63 0.45 5271.16
227.13 531.28 0.42 745.92
581.25 389.26 0.31 3623.11
419.10 343.94 0.29 1555.62
647.00 358.61 0.45 2649.30
530.17 412.67 0.36 6667.58
484.19 475.65 0.25 9673.81
635.89 567.23 0.27 3619.58
536.98 600.88 0.44 2393.04
