463.56 416.99 0.43 2385.93
458.85 460.91 0.40 3053.40
393.04 405.41 0.42 744.35
541.93 634.31 0.35 8797.10
508.94 567.99 0.29 5445.28
521.59 407.88 0.36 10580.30
572.11 412.25 0.28 2139.77
626.81 626.88 0.36 9550.14
280.18 441.87 0.36 5220.07
247.48 446.88 0.53 1652.54
350.04 528.04 0.31 10637.55
741.56 422.60 0.58 771.19
670.89 601.59 0.35 1867.76
462.40 384.48 0.37 1250.80
163.09 576.43 0.53 2723.03
341.14 454.38 0.32 5158.21
422.56 579.22 0.37 10724.11
460.82 643.96 0.28 10534.35
564.92 445.00 0.23 1181.49
698.34 525.49 0.40 1137.41
586.38 907.12 0.30 9661.20
497.03 529.31 0.40 6284.91
657.51 370.90 0.30 7085.03
467.50 871.74 0.38 4446.87
476.57 486.49 0.46 5341.41
314.22 509.80 0.31 9224.01
415.84 523.84 0.36 8006.68
507.90 408.35 0.32 9585.89
507.34 472.07 0.41 3816.56
444.47 338.08 0.30 6171.54
812.21 639.94 0.52 6304.38
585.18 527.29 0.28 5033.44
566.00 523.76 0.50 8834.61
426.53 377.21 0.44 6062.26
586.42 584.06 0.29 7462.78
545.75 825.72 0.40 8344.67
578.67 512.63 0.31 4563.27
251.15 617.81 0.51 8567.65
575.06 376.75 0.11 1136.96
599.85 793.94 0.42 8318.61
387.60 429.12 0.36 7935.85
461.20 878.49 0.24 1809.81
490.53 265.87 0.54 1471.26
485.67 589.72 0.38 6000.84
487.47 478.79 0.40 7152.98
217.47 383.18 0.55 10240.60
604.43 457.63 0.36 6072.13
591.42 438.11 0.52 3530.33
552.60 271.77 0.56 10231.98
505.78 472.79 0.44 5227.29
698.68 386.23 0.43 2926.51
440.80 445.26 0.49 7853.56
498.02 389.19 0.38 10666.38
414.61 726.55 0.49 5248.13
712.11 306.92 0.50 7002.37
608.14 365.27 0.20 5739.62
544.08 394.87 0.32 2456.49
699.03 552.55 0.58 9961.51
482.65 386.90 0.45 6421.18
672.24 547.01 0.45 3991.51
605.75 247.81 0.47 10043.66
451.63 337.33 0.42 6272.89
542.86 422.23 0.21 4093.52
700.73 433.77 0.43 4961.06
594.96 486.71 0.54 8539.04
530.57 589.56 0.47 5179.09
118.34 449.46 0.31 9906.94
342.90 204.98 0.20 8149.99
779.25 501.96 0.27 3237.62
526.65 276.52 0.57 7837.40
656.12 341.29 0.28 1698.48
504.13 619.46 0.48 2874.46
517.56 836.71 0.40 1898.45
455.35 568.71 0.52 3580.83
734.43 794.29 0.46 6443.14
642.13 547.34 0.50 7814.46
549.24 703.60 0.26 4187.71
525.10 494.36 0.31 7154.24
542.59 583.97 0.42 4814.66
588.52 716.48 0.49 9407.74
655.66 444.55 0.34 8686.81
393.07 398.17 0.47 2450.77
588.03 285.92 0.35 1408.78
483.46 427.42 0.37 1429.64
559.89 451.66 0.32 8174.81
117.17 368.99 0.41 8358.79
601.79 457.82 0.45 10404.92
626.71 645.56 0.45 5917.64
392.76 537.33 0.43 3969.30
685.89 686.48 0.55 9995.57
453.00 588.85 0.31 6228.20
499.56 800.98 0.47 6648.87
402.87 644.06 0.44 2110.52
568.87 359.23 0.44 8326.61
598.40 398.28 0.46 5842.70
542.39 598.91 0.33 2123.07
449.52 606.55 0.46 8254.15
552.63 418.00 0.27 1530.10
648.31 428.35 0.42 5909.50
375.55 498.61 0.33 6506.88
435.53 539.23 0.35 7600.28
389.89 289.29 0.42 9280.15
386.49 460.52 0.45 2312.25
593.96 559.89 0.41 8076.03
578.68 438.55 0.47 1584.81
566.77 555.34 0.44 2580.18
383.54 552.45 0.32 8423.75
739.03 538.59 0.49 1775.25
419.49 607.24 0.21 10390.51
725.86 857.44 0.60 2104.03
345.06 521.14 0.49 1399.62
678.98 434.16 0.51 9079.42
615.19 420.50 0.50 3917.46
728.04 611.17 0.54 2415.07
463.09 552.67 0.40 2497.41
402.24 860.91 0.28 1203.83
598.56 452.32 0.41 10587.75
378.42 585.58 0.47 9441.83
437.61 580.68 0.57 10472.65
635.35 669.50 0.19 7464.23
371.39 688.69 0.30 5791.12
575.53 491.28 0.56 8647.04
450.73 392.81 0.53 2255.05
719.36 662.60 0.49 8430.37
452.22 634.89 0.46 1058.99
562.14 454.03 0.33 3956.26
284.59 504.30 0.39 7628.55
584.35 631.11 0.32 3555.41
321.37 505.18 0.38 1011.04
522.43 428.83 0.42 10274.34
396.19 487.77 0.40 2001.62
809.59 208.59 0.48 3510.25
515.91 133.01 0.34 6102.61
188.64 716.19 0.49 1240.27
415.52 370.14 0.37 2984.80
448.64 427.27 0.43 6204.12
723.13 377.28 0.24 5892.02
578.30 476.62 0.43 733.24
351.37 458.94 0.47 4566.43
307.08 666.23 0.32 5262.15
819.23 506.68 0.35 9136.45
602.04 338.90 0.37 7381.62
615.52 752.86 0.50 6697.26
465.13 239.91 0.59 2442.78
551.41 430.10 0.29 3353.01
493.83 716.95 0.44 8026.20
517.26 266.79 0.45 1622.45
767.26 265.48 0.38 2052.03
603.68 477.73 0.40 1567.01
724.92 549.32 0.47 9379.19
