263.92 744.98 0.36 9172.79
457.27 410.15 0.24 6447.79
521.90 637.72 0.12 4425.90
912.02 509.56 0.11 1869.82
254.27 559.24 0.15 2217.10
634.05 755.99 0.07 3101.83
294.93 374.19 0.06 4299.33
689.74 690.63 0.19 10262.70
446.01 644.13 0.02 5494.77
262.14 521.98 0.13 9023.04
306.65 629.22 0.05 4015.98
474.52 669.43 0.03 2596.77
374.36 615.21 0.01 7958.39
798.13 802.79 0.17 5081.35
817.98 351.30 0.19 3333.17
541.32 519.74 0.08 3100.24
631.53 248.03 0.01 8236.69
635.42 368.69 0.23 7852.23
244.04 397.78 0.11 9060.21
890.10 559.88 0.16 10359.08
447.03 451.94 0.29 5940.86
625.35 258.17 0.12 8696.06
556.51 618.04 0.13 3530.67
672.84 315.83 0.33 6712.73
379.83 683.42 0.24 4404.33
587.88 541.07 0.25 1367.19
737.45 600.60 0.01 7163.05
482.38 456.02 0.27 1698.91
509.21 582.35 0.01 2825.39
516.90 621.64 0.01 10489.96
600.55 471.42 0.31 5541.43
456.69 508.96 0.10 10212.78
522.41 488.22 0.16 10033.87
544.62 537.00 0.20 9851.12
343.57 387.55 0.28 6523.17
361.14 426.51 0.01 5525.27
579.17 601.40 0.01 7001.86
528.90 477.14 0.09 1142.15
388.52 531.00 0.14 7105.02
481.95 830.32 0.17 730.04
297.73 550.76 0.06 1281.46
540.68 341.74 0.06 4448.23
544.07 468.43 0.20 5178.01
516.56 356.30 0.03 9309.74
650.71 361.30 0.07 1034.59
432.20 282.48 0.10 7725.52
399.47 401.89 0.07 3772.51
730.26 692.51 0.02 7925.08
612.24 471.61 0.17 1523.78
344.12 562.29 0.18 8752.98
343.16 274.50 0.08 9269.20
378.73 660.99 0.08 815.92
586.11 398.04 0.01 7570.35
591.55 526.93 0.21 4413.33
620.31 505.28 0.20 8734.06
524.54 364.20 0.19 5944.38
798.50 547.22 0.04 2731.99
694.40 537.58 0.37 1934.83
643.87 483.56 0.02 8168.16
421.43 551.89 0.08 7534.96
731.27 626.93 0.17 2788.65
604.80 621.50 0.01 2494.76
425.53 524.47 0.18 7053.03
409.59 259.58 0.09 7534.25
314.04 324.34 0.04 7879.56
519.29 713.08 0.17 10308.07
512.99 710.00 0.07 7130.70
329.55 703.38 0.03 2603.55
478.57 243.79 0.06 7709.73
401.59 548.51 0.14 2561.59
452.21 386.81 0.03 5639.38
434.11 531.85 0.03 828.95
448.05 682.11 0.05 6582.39
253.78 454.30 0.04 5651.59
487.82 391.53 0.12 2139.58
490.98 581.33 0.05 3981.90
500.80 581.00 0.23 10687.63
488.29 472.25 0.11 8818.95
751.73 69.06 0.21 9818.98
271.04 499.54 0.07 5689.08
447.47 315.06 0.11 8361.46
151.92 506.59 0.01 8857.04
543.66 209.43 0.11 9833.18
494.59 628.95 0.18 3667.40
728.38 422.15 0.10 4862.60
496.30 520.72 0.04 8103.39
647.71 491.09 0.14 8763.77
614.01 543.98 0.02 2732.50
450.06 447.24 0.22 10001.20
408.29 328.93 0.11 7146.99
734.00 721.62 0.02 1474.24
628.00 600.53 0.01 1977.29
420.07 461.15 0.07 2584.52
268.29 425.50 0.14 5698.75
221.05 528.25 0.07 1537.29
426.87 352.12 0.21 6194.40
485.70 523.37 0.01 8512.48
621.10 478.05 0.02 3321.66
391.74 430.40 0.11 8505.01
451.19 321.95 0.07 8574.61
232.85 416.76 0.05 8439.72
555.95 631.22 0.21 10357.27
752.00 391.56 0.07 1632.34
585.31 680.16 0.01 935.83
819.30 358.30 0.08 3267.74
585.71 361.83 0.32 6918.79
759.17 300.42 0.36 9461.70
121.67 773.05 0.21 6124.23
456.49 516.99 0.16 8311.76
698.07 419.89 0.26 7039.09
457.94 638.86 0.38 6042.82
494.20 545.72 0.10 8117.84
719.68 266.12 0.25 3840.20
678.28 677.32 0.11 7420.33
828.15 487.56 0.04 5135.85
405.34 422.55 0.07 2158.59
625.51 226.17 0.12 2150.69
298.90 657.74 0.22 3310.51
698.58 580.60 0.03 8740.91
316.57 430.96 0.14 7961.51
529.57 579.65 0.17 9241.67
489.01 581.12 0.21 9936.01
524.10 411.72 0.11 8338.76
538.34 807.94 0.21 6713.77
361.78 203.22 0.11 3394.29
477.87 365.49 0.03 7437.86
155.74 404.71 0.01 4336.47
430.50 285.11 0.26 5727.08
213.65 451.38 0.03 4446.84
512.28 685.48 0.13 4341.37
517.14 404.23 0.33 8765.99
665.01 259.17 0.15 2650.00
480.18 391.89 0.12 2590.66
406.57 652.88 0.05 10713.95
610.27 348.73 0.25 7267.05
33.77 453.82 0.30 8705.80
563.97 706.31 0.08 9493.02
592.53 613.73 0.04 8415.34
183.90 746.89 0.03 7268.25
601.84 222.29 0.11 1398.64
474.49 332.21 0.01 5695.48
310.54 210.58 0.09 8905.82
434.85 512.08 0.11 740.67
387.82 491.35 0.07 6303.61
93.99 510.68 0.25 3899.51
262.61 488.79 0.08 3723.41
272.50 427.06 0.11 945.81
640.22 551.92 0.02 10404.66
576.02 329.97 0.18 7754.63
351.72 413.29 0.01 10111.64
