647.30 407.37 0.40 866.20
249.50 298.25 0.35 6132.55
638.43 452.86 0.30 3767.04
288.90 489.57 0.33 8938.23
550.70 641.57 0.43 9323.32
576.65 465.30 0.33 5811.08
623.46 235.17 0.43 2271.63
472.79 492.44 0.23 6196.02
644.28 780.99 0.39 5561.32
476.96 311.75 0.35 7304.40
504.10 756.32 0.46 7648.34
535.56 340.43 0.36 10461.57
380.65 276.57 0.25 1757.28
519.50 513.67 0.50 7688.58
553.19 544.15 0.37 8415.95
473.82 616.53 0.50 9723.21
500.24 491.88 0.44 7597.24
385.48 576.82 0.29 9976.94
738.53 411.55 0.21 7677.77
684.78 543.52 0.38 6445.34
544.58 584.94 0.30 3584.87
402.53 649.61 0.22 5452.74
671.83 426.12 0.21 2267.89
745.78 529.93 0.41 4955.57
739.20 739.56 0.54 2872.41
586.20 512.63 0.42 8224.17
562.66 161.39 0.29 10715.75
576.74 409.69 0.46 9677.55
503.68 401.98 0.40 8056.66
444.77 306.63 0.29 6905.14
558.09 610.89 0.41 2854.87
485.67 279.12 0.32 1711.14
425.04 601.61 0.05 9984.05
345.69 619.64 0.43 8275.84
596.83 481.26 0.28 9795.17
255.59 718.90 0.17 4054.19
462.86 445.46 0.49 2391.12
569.58 443.34 0.24 2259.16
527.15 648.70 0.52 5690.26
328.57 357.27 0.46 3126.85
670.18 469.80 0.56 7903.84
498.35 753.69 0.34 10053.41
667.58 255.01 0.17 10484.36
566.35 731.66 0.55 8362.58
376.42 509.71 0.56 10262.07
416.61 484.56 0.38 2991.62
399.39 403.82 0.35 9322.25
707.22 427.60 0.39 9914.80
432.89 677.53 0.50 10233.74
605.41 571.04 0.43 9679.72
836.37 557.24 0.35 6328.36
544.85 595.54 0.39 4500.67
526.89 697.26 0.36 762.78
347.14 606.07 0.46 5328.10
450.94 306.60 0.49 4422.94
623.52 618.39 0.28 5929.24
767.08 587.08 0.51 8028.26
541.47 561.34 0.53 2184.97
349.85 631.63 0.46 2604.68
469.00 737.96 0.48 6596.44
566.34 498.15 0.36 9186.27
338.55 493.03 0.57 4907.72
624.21 468.64 0.44 10602.85
377.65 445.13 0.28 10250.20
350.60 428.08 0.47 8228.36
343.96 673.92 0.45 1173.60
753.59 678.88 0.50 2981.94
629.40 380.39 0.41 803.64
687.01 394.83 0.21 4870.63
474.49 459.14 0.32 6646.55
573.27 600.40 0.35 3238.07
272.50 500.33 0.51 4732.39
414.92 187.53 0.39 4547.40
700.39 493.92 0.54 5781.33
204.14 566.45 0.32 5718.12
403.55 505.49 0.41 5372.16
520.05 890.66 0.40 7100.00
177.90 621.51 0.38 3079.49
380.82 576.73 0.23 9001.64
303.08 496.09 0.44 10779.78
663.81 590.38 0.46 2454.50
523.71 242.40 0.41 3546.05
603.78 443.55 0.50 5944.99
323.03 617.97 0.41 9356.33
260.47 382.49 0.35 2020.44
543.26 585.94 0.22 7110.64
783.67 390.30 0.54 1053.89
392.68 454.83 0.24 5582.25
631.65 529.25 0.20 6297.29
424.88 357.50 0.45 5025.11
215.89 749.57 0.38 7702.68
325.00 458.89 0.39 4655.10
340.57 660.19 0.41 3779.24
356.68 449.56 0.55 7329.78
670.95 255.60 0.36 9914.49
235.99 288.68 0.52 6516.16
446.02 458.65 0.44 7479.29
457.65 685.95 0.40 7228.80
241.71 520.08 0.21 7761.76
424.79 176.47 0.39 7591.38
