437.51 891.14 0.13 5962.96
608.26 469.37 0.10 9570.50
479.57 478.92 0.08 5409.38
506.23 432.93 0.10 3697.12
698.09 525.06 0.03 2820.62
546.80 205.84 0.05 4520.81
492.21 493.62 0.09 3001.77
495.30 506.43 0.04 8946.80
403.60 457.47 0.08 5469.00
599.19 608.19 0.06 5570.32
497.17 462.74 0.15 882.83
474.18 293.96 0.01 3541.95
365.77 175.87 0.13 7298.96
679.66 354.25 0.04 6374.85
465.12 667.85 0.20 763.73
512.95 689.59 0.09 7270.56
344.75 470.22 0.15 3426.25
556.72 730.18 0.34 6134.32
336.17 413.37 0.09 7942.52
552.27 370.92 0.20 3264.64
514.94 708.34 0.28 1613.12
711.62 480.24 0.24 7956.56
483.55 399.58 0.02 6923.94
352.65 552.17 0.01 7790.77
262.98 644.51 0.04 7529.77
616.05 727.47 0.02 10741.37
306.75 389.35 0.08 2157.59
451.95 360.54 0.03 8284.80
634.75 401.27 0.07 1483.16
377.12 344.77 0.09 2175.66
392.52 685.42 0.02 9402.14
534.84 802.23 0.03 10176.56
322.69 652.26 0.03 6029.76
726.99 414.20 0.13 8741.68
194.31 682.92 0.05 4367.22
317.76 588.92 0.16 6063.71
658.13 152.06 0.12 2063.92
578.37 485.94 0.15 8495.89
718.32 619.10 0.05 5373.00
468.24 693.35 0.03 5569.34
440.94 355.99 0.14 4423.31
401.78 560.06 0.01 9889.51
463.31 707.07 0.05 8660.51
751.99 820.64 0.12 7805.17
848.24 388.39 0.03 1497.31
571.77 629.74 0.08 7289.40
460.29 631.23 0.06 10111.74
660.83 564.48 0.06 5256.54
658.09 669.56 0.14 8345.51
663.90 557.84 0.16 9601.20
