360.69 605.66 0.15 10256.05
794.43 747.22 0.18 8437.93
430.50 499.72 0.04 1239.10
479.25 539.21 0.11 9963.36
497.60 209.74 0.05 9401.73
756.30 99.64 0.02 4753.60
668.41 294.88 0.15 7276.26
317.86 650.91 0.15 3094.35
441.96 620.17 0.21 7941.96
569.63 410.50 0.01 3836.08
545.96 419.02 0.16 10319.51
30.07 549.87 0.11 4370.36
213.87 674.26 0.10 7004.92
370.18 442.48 0.23 5478.51
472.99 564.35 0.03 944.42
644.38 622.01 0.16 7187.69
594.86 488.80 0.01 1952.33
357.81 664.44 0.15 3798.61
579.19 835.70 0.03 6791.90
529.31 397.38 0.08 9652.30
779.75 439.81 0.19 9232.30
594.48 657.62 0.22 7192.59
737.39 438.73 0.05 7573.13
639.87 604.07 0.02 9555.43
468.62 450.65 0.02 5817.16
640.80 327.53 0.25 8260.20
649.96 501.11 0.15 7847.15
590.64 451.63 0.01 9887.44
698.38 612.46 0.04 7735.98
741.71 344.81 0.01 7460.72
512.51 103.91 0.11 7180.30
312.07 627.72 0.03 8974.76
824.29 396.66 0.14 5814.23
595.94 545.20 0.02 8833.75
659.99 400.34 0.15 3952.05
332.12 432.69 0.04 2535.82
503.44 616.21 0.11 6566.23
744.35 431.08 0.01 1955.78
449.34 547.50 0.18 6566.95
576.06 456.72 0.26 8785.95
508.54 504.62 0.02 8885.30
393.49 902.45 0.14 7207.25
602.84 309.80 0.08 8807.94
408.07 502.89 0.13 1054.79
444.45 482.17 0.12 7457.06
510.77 549.72 0.08 3553.25
365.79 428.05 0.01 7467.35
541.69 447.05 0.03 4857.47
797.16 420.04 0.12 10450.15
303.77 398.67 0.02 3841.94
528.22 745.25 0.03 8997.78
809.27 475.77 0.19 2496.09
479.28 327.32 0.04 7014.01
506.95 519.79 0.08 8636.81
538.64 306.48 0.11 5146.87
412.40 257.47 0.09 4447.37
689.98 496.72 0.14 9348.91
321.09 320.29 0.06 6723.43
379.88 606.59 0.11 6439.51
374.23 42.12 0.12 2378.94
321.19 580.99 0.06 2964.14
385.78 716.38 0.14 3944.92
481.23 465.69 0.01 2800.30
215.96 475.13 0.05 8012.35
463.54 604.37 0.23 3871.01
507.39 507.22 0.02 4871.46
784.43 562.88 0.12 5146.20
680.12 624.90 0.05 7604.20
575.43 278.94 0.01 4868.60
274.65 813.83 0.08 4614.71
523.87 689.05 0.06 7886.49
549.20 296.65 0.20 9456.33
444.12 688.97 0.02 798.15
375.73 493.86 0.03 5810.93
304.32 550.71 0.23 859.26
417.32 555.62 0.16 6094.96
519.66 658.57 0.17 6798.97
655.18 692.52 0.15 7571.06
472.74 525.56 0.17 6480.71
560.76 452.08 0.19 9774.94
484.19 800.43 0.19 5249.87
392.09 389.40 0.08 2016.06
586.28 460.15 0.12 9021.75
621.78 253.35 0.05 7773.38
281.23 510.66 0.26 4712.82
538.76 548.67 0.01 1368.93
506.88 529.87 0.26 10737.92
664.32 440.76 0.14 3483.02
796.12 311.39 0.25 8104.51
469.72 458.66 0.08 6420.14
809.56 607.87 0.02 6676.08
592.45 525.16 0.02 9951.31
531.34 471.61 0.05 8495.85
413.51 382.97 0.13 9826.14
487.36 793.76 0.28 7192.08
854.42 485.20 0.05 6038.32
859.93 438.75 0.12 2843.42
259.71 594.11 0.21 4992.31
393.04 393.45 0.11 3448.50
609.97 463.10 0.06 8630.95
540.28 777.74 0.01 6859.11
375.90 562.17 0.14 3026.69
401.84 276.26 0.06 10096.71
733.35 463.05 0.05 2826.79
228.10 363.77 0.23 7341.57
449.32 548.09 0.04 3349.89
326.50 468.93 0.05 9798.52
355.29 651.24 0.21 6287.05
289.41 478.86 0.13 5492.13
384.70 377.74 0.28 6684.59
262.18 531.35 0.17 4714.74
600.69 267.00 0.02 7066.41
123.30 525.35 0.02 2703.07
634.53 549.00 0.16 9238.77
672.39 227.96 0.11 9681.31
355.30 651.09 0.08 6501.78
709.41 348.40 0.15 5422.29
318.02 489.68 0.09 5224.01
466.71 336.99 0.17 3139.77
341.42 341.17 0.01 7708.59
273.34 472.21 0.02 2641.78
642.71 220.82 0.23 3458.35
503.01 644.30 0.31 9791.12
776.24 210.31 0.24 6213.24
611.63 458.05 0.11 7602.35
377.70 631.60 0.12 5887.02
630.75 389.81 0.25 10015.20
630.19 180.27 0.02 7288.26
748.15 103.77 0.18 9232.41
348.85 799.91 0.16 9784.07
395.36 647.33 0.18 7035.41
548.29 264.81 0.01 3291.40
420.11 850.24 0.15 3660.33
625.52 749.84 0.16 10120.27
446.84 556.81 0.22 2201.33
325.06 563.13 0.07 4890.96
572.90 639.21 0.12 5775.05
387.34 615.37 0.08 8904.24
414.28 501.43 0.18 7246.55
553.18 352.31 0.31 4393.43
275.87 584.55 0.17 8343.04
597.85 576.88 0.01 10169.05
741.29 465.92 0.40 1651.58
668.78 607.00 0.26 5537.56
391.08 809.41 0.22 2726.76
641.62 276.12 0.27 6612.49
568.81 332.05 0.14 6636.55
413.99 503.17 0.10 8273.72
373.47 399.88 0.03 2817.08
319.78 651.65 0.21 10648.21
511.80 425.46 0.18 8630.81
616.00 764.43 0.07 1369.99
489.77 588.18 0.07 10125.77
815.61 318.95 0.09 8082.11
441.20 419.33 0.16 6346.82
710.02 422.73 0.14 5206.16
711.09 388.19 0.10 1758.58
467.49 578.11 0.04 4632.58
721.95 392.46 0.12 7523.88
476.30 723.46 0.04 3202.64
511.94 817.49 0.03 9512.06
372.04 357.57 0.03 4311.09
715.60 326.11 0.15 6584.87
378.89 321.33 0.11 805.32
302.39 546.39 0.21 3760.19
719.79 428.34 0.04 10102.00
387.93 797.26 0.03 1222.97
252.67 604.60 0.14 9299.96
347.24 480.58 0.14 3224.19
864.17 852.07 0.09 9965.30
680.29 442.43 0.31 869.43
463.38 526.92 0.02 9189.05
458.41 445.85 0.11 7201.32
510.40 221.36 0.14 9486.73
482.19 405.95 0.06 8487.85
