565.16 479.68 0.01 3203.22
232.46 473.97 0.03 3964.63
734.19 637.62 0.09 6529.68
544.76 622.27 0.13 1382.05
488.20 316.24 0.20 5366.66
593.53 313.29 0.13 3871.95
373.08 403.13 0.04 1468.76
579.23 493.43 0.04 6360.94
387.37 434.48 0.15 4001.22
470.81 535.86 0.14 9198.82
387.44 509.08 0.01 9757.57
521.17 452.72 0.01 9012.71
203.49 518.98 0.16 6466.83
458.31 395.51 0.01 7519.33
648.47 376.25 0.13 739.25
484.29 465.42 0.15 1032.53
760.12 211.67 0.07 7967.40
492.14 617.87 0.05 3058.69
284.55 552.00 0.14 8618.25
412.73 374.23 0.23 4788.29
464.34 503.55 0.13 9226.08
421.70 553.38 0.07 8730.07
392.68 558.62 0.02 2313.39
446.10 281.36 0.13 9744.46
616.27 389.61 0.09 4640.34
437.87 258.35 0.04 10029.55
298.44 540.04 0.25 8454.28
821.74 198.00 0.14 4990.37
363.67 588.09 0.20 6610.74
308.39 767.68 0.11 7900.18
443.67 541.69 0.12 1382.98
370.81 736.62 0.25 2806.48
561.47 459.02 0.18 4306.70
499.40 603.89 0.08 1805.92
620.79 676.89 0.03 2909.64
385.41 448.18 0.10 8666.49
258.93 482.42 0.26 6925.25
511.84 248.16 0.02 9134.15
214.41 714.79 0.17 3384.32
873.17 563.50 0.12 9372.23
522.68 345.17 0.21 9768.70
645.41 526.46 0.10 9700.60
458.92 774.31 0.07 3442.92
317.83 184.00 0.24 6278.17
399.94 664.71 0.11 4997.24
500.39 566.88 0.14 3448.11
660.08 589.17 0.23 1864.62
384.29 547.91 0.07 3846.85
381.16 682.78 0.27 1718.58
359.30 658.50 0.11 7428.73
648.19 582.92 0.12 6960.03
602.26 587.32 0.16 4341.64
493.35 551.69 0.01 1059.46
415.92 494.45 0.06 8344.46
884.33 556.58 0.06 10465.81
407.56 455.62 0.05 5999.74
610.97 507.77 0.19 2801.62
514.34 198.92 0.02 3174.86
568.94 619.62 0.28 2490.63
671.63 594.60 0.22 2864.79
531.82 586.61 0.07 8563.77
414.42 553.47 0.07 6841.42
614.63 589.06 0.01 1860.06
815.69 553.41 0.08 2896.83
698.75 624.28 0.14 2054.12
588.14 278.57 0.05 4150.27
588.07 508.59 0.31 8730.32
620.49 299.34 0.24 5152.24
384.69 368.76 0.06 2321.57
561.55 284.06 0.02 8715.75
527.94 451.46 0.06 5016.80
661.99 439.46 0.03 3955.48
478.17 336.61 0.05 7136.00
407.55 289.74 0.11 5654.33
304.89 272.96 0.16 7693.96
563.98 401.80 0.04 7268.92
426.37 222.26 0.01 1490.29
631.03 579.86 0.09 4079.42
561.29 780.41 0.21 7040.43
362.66 434.63 0.21 10391.32
255.81 908.57 0.10 1914.57
598.59 166.53 0.10 4950.72
194.87 510.67 0.05 5713.58
433.15 459.06 0.11 8368.89
553.53 418.49 0.05 9094.15
489.97 536.15 0.01 5155.95
541.00 384.53 0.16 9850.75
520.34 368.92 0.09 801.47
624.61 464.54 0.13 10257.90
699.50 493.83 0.04 1821.97
434.71 365.40 0.08 6719.66
645.45 783.58 0.04 5770.74
492.09 865.65 0.14 3572.34
415.34 381.54 0.01 7270.65
537.38 531.23 0.10 9780.71
233.26 533.54 0.01 7564.26
647.86 306.01 0.08 5281.13
144.62 217.97 0.28 10422.42
361.10 298.54 0.03 3884.88
423.76 779.45 0.14 6127.79
548.22 594.31 0.07 7464.25
799.51 415.01 0.22 6597.66
548.67 386.11 0.10 2335.01
276.05 252.63 0.05 2460.34
592.61 522.08 0.07 5642.25
730.66 492.59 0.01 9366.04
422.76 430.13 0.25 1679.40
219.33 408.07 0.08 7882.69
817.48 419.64 0.31 5061.71
540.45 495.12 0.01 6511.79
491.55 536.93 0.03 9831.65
295.94 483.27 0.17 2940.75
497.46 561.38 0.14 8000.16
482.72 424.45 0.08 2275.59
428.36 550.95 0.13 9845.30
646.96 414.64 0.11 9228.20
452.37 283.34 0.11 7289.36
603.16 331.37 0.13 3981.51
523.77 527.83 0.12 4642.26
722.66 629.24 0.22 5369.94
392.65 645.82 0.13 6822.99
468.17 441.59 0.02 1560.67
478.62 609.64 0.10 5564.70
457.47 495.30 0.12 6023.35
580.64 692.30 0.09 5990.14
737.19 695.33 0.18 9133.29
614.40 573.23 0.13 719.76
304.64 424.65 0.01 8784.58
513.90 432.67 0.05 845.66
624.80 586.75 0.16 10758.41
473.73 515.33 0.21 8316.10
481.86 519.62 0.20 939.36
499.00 857.95 0.20 7729.70
655.40 704.00 0.01 3985.03
337.14 567.38 0.07 10032.36
546.61 519.65 0.07 9357.82
257.03 432.87 0.12 10521.77
515.37 506.39 0.05 1026.29
626.15 641.04 0.08 8871.79
478.43 388.74 0.27 9784.33
364.09 495.93 0.06 3665.56
462.72 686.02 0.03 6251.51
625.33 578.55 0.05 3622.46
230.86 193.78 0.08 2933.70
476.10 362.74 0.21 10764.66
555.49 312.73 0.02 8758.31
806.56 516.24 0.12 7921.70
498.73 513.17 0.04 896.24
609.44 196.07 0.15 7815.81
652.74 266.71 0.08 6780.81
399.87 633.37 0.01 6904.14
570.96 665.30 0.25 9704.37
439.19 452.01 0.11 5809.84
634.05 404.77 0.08 8004.03
356.65 420.57 0.17 10458.77
592.89 633.32 0.06 3521.80
623.27 581.18 0.09 5427.06
368.63 348.39 0.10 6465.21
719.42 462.45 0.02 9717.56
700.20 230.63 0.15 1026.01
639.08 485.16 0.06 8766.95
357.41 569.01 0.21 3469.95
628.44 587.78 0.13 1481.83
579.68 105.21 0.11 10747.85
617.39 612.21 0.12 2786.23
572.07 636.96 0.19 9049.20
490.76 622.27 0.04 783.71
468.82 217.15 0.25 2638.54
736.07 374.51 0.07 3460.92
397.36 726.73 0.04 2043.23
620.47 735.84 0.12 3582.65
709.42 634.54 0.11 2944.93
478.08 313.90 0.16 7452.17
524.22 455.11 0.01 9717.11
658.08 679.02 0.27 3332.05
327.70 647.86 0.15 10432.96
602.44 369.29 0.08 4513.30
277.48 742.94 0.21 9759.37
408.48 670.83 0.02 10044.04
406.47 607.34 0.02 2071.83
498.86 551.51 0.14 5623.16
404.32 583.99 0.22 7486.85
985.00 401.11 0.31 4284.18
309.89 479.88 0.19 8772.30
808.80 548.16 0.04 2164.83
365.47 477.35 0.07 7364.81
510.31 820.03 0.04 2600.73
412.76 388.97 0.13 1679.03
537.73 476.84 0.07 2514.40
600.45 168.76 0.09 6733.37
678.02 378.25 0.07 5435.97
393.54 547.49 0.16 2225.64
954.20 325.66 0.17 2752.42
98.76 697.00 0.02 7466.91
589.66 271.35 0.05 6858.09
609.40 620.65 0.12 686.70
457.44 401.45 0.24 8981.18
227.03 631.78 0.12 5945.77
371.20 741.70 0.02 5582.89
608.87 507.07 0.15 2148.43
