657.01 490.15 0.40 3576.64
581.45 839.10 0.31 753.65
454.26 385.67 0.35 8550.25
483.06 324.32 0.42 8476.78
343.94 359.69 0.55 10715.94
499.71 318.28 0.39 2258.44
382.76 134.95 0.37 7216.64
260.28 428.30 0.31 2478.55
685.79 401.79 0.39 10314.30
724.63 142.60 0.55 5560.93
478.41 552.25 0.51 2352.33
498.41 596.31 0.55 846.77
618.95 500.13 0.35 7695.59
728.23 511.81 0.38 9383.02
567.26 250.90 0.31 6652.67
454.83 575.02 0.17 9962.51
527.06 667.76 0.46 6456.83
512.83 536.30 0.39 1880.74
572.98 467.15 0.31 4754.74
406.03 554.47 0.31 6626.37
570.59 407.58 0.59 6225.61
521.14 471.72 0.26 10088.43
675.64 490.69 0.49 7753.88
402.00 438.96 0.43 2360.73
620.26 543.35 0.37 3356.59
153.17 549.21 0.32 10411.85
589.10 576.47 0.46 10567.51
417.46 590.09 0.44 5522.17
540.83 410.44 0.25 7424.34
503.02 406.59 0.30 6153.33
553.85 527.87 0.31 9100.00
333.70 782.60 0.45 5181.69
696.39 451.02 0.45 10686.49
529.11 717.53 0.55 1040.83
498.25 615.76 0.28 7995.97
346.07 393.33 0.40 6774.29
362.98 484.26 0.35 5607.07
517.27 658.82 0.51 5266.81
429.61 635.45 0.39 2428.02
679.92 418.44 0.34 3097.18
456.41 480.14 0.37 3732.56
570.74 533.27 0.44 9690.23
715.81 266.97 0.42 984.48
462.20 577.36 0.55 8599.33
297.53 609.23 0.28 6449.40
481.75 579.05 0.49 4374.27
459.04 470.82 0.53 2578.49
558.02 698.93 0.33 1515.48
456.92 548.73 0.46 6119.93
494.80 564.45 0.40 5221.10
