412.70 355.66 0.18 5637.99
722.41 412.76 0.10 2955.54
489.29 493.95 0.16 693.02
492.16 454.16 0.16 958.27
484.33 361.02 0.24 7472.21
354.78 320.87 0.17 1599.79
641.62 439.87 0.05 1831.44
430.80 546.83 0.10 2557.15
552.23 296.93 0.09 5130.18
323.80 479.04 0.05 8006.68
560.61 626.72 0.14 6740.88
562.80 443.74 0.06 7109.17
318.89 688.48 0.13 7859.37
220.02 625.03 0.09 2221.18
579.45 144.19 0.16 5790.86
717.81 794.74 0.14 8929.48
744.35 705.09 0.09 7308.86
544.72 292.87 0.08 5310.06
695.10 342.34 0.09 4845.93
382.78 339.60 0.01 8556.74
479.39 279.98 0.14 8522.47
324.25 362.04 0.20 9723.37
332.43 615.07 0.15 6835.40
593.89 689.51 0.14 3713.31
412.11 506.97 0.25 8113.98
618.76 769.24 0.01 3852.46
476.79 352.38 0.17 6846.26
569.94 580.17 0.01 7361.49
323.03 379.02 0.06 2808.83
608.31 350.70 0.03 2036.96
235.37 331.54 0.19 1724.50
552.90 506.83 0.15 1178.31
667.17 418.10 0.17 4676.11
376.56 691.32 0.04 1106.79
466.57 458.85 0.17 6661.40
437.48 354.79 0.01 10610.82
281.69 448.23 0.05 7938.49
431.68 322.76 0.19 5472.56
534.91 403.45 0.17 4553.31
374.88 422.78 0.24 7574.16
372.83 574.67 0.09 6611.37
331.40 197.70 0.09 3368.73
671.03 892.82 0.12 2632.55
698.37 696.62 0.12 6404.55
532.92 210.98 0.21 7999.28
451.61 679.99 0.16 8675.02
285.02 427.36 0.14 4269.28
260.27 367.97 0.12 6350.13
395.72 467.03 0.13 2062.54
394.36 613.06 0.02 6471.25
504.51 473.54 0.05 4508.72
722.51 536.83 0.14 3236.30
386.43 386.88 0.01 1185.78
422.39 700.18 0.13 7269.86
272.60 679.61 0.25 7820.90
556.18 660.96 0.06 9303.26
676.73 534.50 0.15 10377.65
663.23 702.70 0.22 10506.51
631.36 999.00 0.15 2045.40
545.35 338.26 0.16 3809.30
488.46 374.78 0.20 8140.24
379.89 695.04 0.04 8678.02
622.80 482.19 0.09 5705.03
334.77 273.63 0.04 2291.04
362.56 621.56 0.19 7014.56
612.69 375.83 0.11 8366.11
352.00 547.75 0.01 6408.53
695.87 360.35 0.03 5812.45
441.24 697.50 0.23 2701.82
250.82 498.84 0.06 2236.04
334.25 630.89 0.15 6426.61
440.20 539.00 0.09 8594.37
291.01 170.19 0.24 6281.46
645.46 520.94 0.01 4218.56
221.22 535.28 0.20 2992.21
226.18 502.79 0.12 5080.90
781.97 866.70 0.06 5637.16
533.54 685.68 0.10 1649.98
319.30 511.16 0.01 3319.02
244.31 615.04 0.25 2816.46
532.64 313.60 0.08 4372.73
350.91 408.81 0.04 1863.84
615.43 440.35 0.23 4535.94
880.30 584.95 0.03 9196.58
31.63 439.03 0.04 4014.06
551.66 254.47 0.08 2849.27
489.32 98.69 0.15 6441.33
152.01 578.72 0.28 8725.34
623.28 526.91 0.05 2468.96
452.48 469.75 0.13 9154.83
243.60 563.88 0.22 4623.08
723.45 531.35 0.31 5197.22
348.70 417.49 0.11 2281.62
27.87 435.28 0.27 6849.35
510.36 408.93 0.05 5108.11
546.45 470.03 0.07 8474.65
629.16 547.04 0.11 6759.89
293.73 347.96 0.30 3947.07
430.45 409.84 0.03 9850.25
733.75 278.29 0.07 7258.32
