427.89 389.08 0.27 8355.09
369.64 499.03 0.14 10118.58
580.52 753.78 0.20 10662.90
307.57 343.79 0.09 1896.76
378.74 546.96 0.10 9714.56
367.51 442.92 0.03 9549.63
786.67 164.10 0.10 3711.53
402.52 599.15 0.07 9894.66
568.27 642.35 0.14 9810.68
466.12 569.52 0.01 9453.43
648.78 587.47 0.02 4240.60
360.57 858.18 0.08 7740.72
770.30 475.93 0.03 7722.78
605.18 588.81 0.17 6188.39
457.92 675.67 0.23 2154.96
536.73 697.22 0.06 7208.49
561.01 411.97 0.01 2235.30
668.76 596.03 0.19 5760.27
568.76 480.21 0.04 9644.78
539.62 108.14 0.21 1507.39
352.05 494.76 0.16 2858.90
590.15 654.85 0.05 4080.79
323.92 523.25 0.14 3861.84
417.72 590.69 0.19 1811.62
502.15 369.41 0.03 9419.07
477.92 637.98 0.04 9647.61
483.89 574.07 0.10 10626.62
329.60 722.17 0.10 6262.98
173.91 484.38 0.03 6254.51
497.41 563.94 0.04 9690.04
582.91 586.71 0.10 7058.71
594.17 375.52 0.13 6771.90
397.93 419.06 0.05 10520.15
445.92 622.65 0.02 1379.03
764.24 484.55 0.11 5010.61
489.85 550.69 0.02 4164.33
539.36 420.91 0.09 9239.72
540.83 663.81 0.02 9156.74
676.38 600.54 0.18 6278.73
456.19 534.10 0.16 2279.56
566.21 400.67 0.14 8055.59
190.75 475.09 0.05 8584.90
493.53 436.30 0.03 7648.14
349.16 623.40 0.03 1516.46
586.76 504.49 0.22 7687.01
197.87 575.95 0.14 9861.93
682.81 392.19 0.25 7004.00
480.40 682.20 0.20 8343.27
685.57 470.51 0.12 2490.68
561.34 260.02 0.04 4953.35
733.38 737.70 0.07 6937.67
600.93 464.00 0.04 950.20
578.75 494.01 0.02 5808.69
505.14 682.48 0.16 3238.27
354.91 600.62 0.13 5178.86
569.01 483.90 0.27 5734.77
535.23 646.79 0.14 2129.46
653.47 555.39 0.01 2780.65
493.62 511.04 0.12 5851.24
406.67 828.48 0.13 7884.80
454.02 382.29 0.01 2018.68
959.60 704.08 0.14 4668.48
397.53 217.63 0.03 9647.16
436.73 678.87 0.10 6550.28
609.83 406.18 0.02 9254.40
508.55 248.87 0.06 7997.00
593.84 649.74 0.01 2889.67
583.81 560.66 0.23 7286.49
593.30 233.97 0.16 10770.79
397.55 528.27 0.09 6430.19
586.88 433.64 0.09 10551.00
398.34 395.65 0.03 3524.83
690.38 456.67 0.08 2673.33
528.96 520.84 0.01 865.68
723.41 414.38 0.04 5028.82
