623.81 399.15 0.38 6609.94
548.37 305.74 0.39 3507.92
691.28 257.46 0.21 9719.27
365.80 545.12 0.38 7200.29
457.31 457.71 0.52 1505.53
745.99 495.87 0.32 4242.79
656.52 646.92 0.42 5383.75
416.98 522.41 0.29 4222.31
571.11 334.96 0.33 4255.64
582.29 507.44 0.39 2167.32
490.44 538.11 0.46 7034.28
431.09 619.64 0.17 8784.41
600.96 452.58 0.34 10539.86
569.24 376.04 0.31 2563.52
477.91 461.36 0.51 2582.31
528.14 516.61 0.30 3274.37
717.19 565.50 0.35 825.14
791.20 428.21 0.25 2170.14
619.32 840.20 0.46 774.04
400.74 609.64 0.38 5706.44
480.17 396.73 0.42 688.44
510.22 373.58 0.11 2300.92
620.51 632.92 0.36 2397.58
424.22 364.04 0.47 4692.80
502.90 526.09 0.30 10290.10
558.17 782.98 0.00 2893.39
277.68 323.14 0.34 9204.15
697.36 693.17 0.34 1073.17
540.63 490.41 0.31 1373.93
487.62 654.97 0.27 4212.10
443.12 593.23 0.41 3228.98
721.51 536.68 0.32 3742.16
434.83 642.06 0.25 7969.21
453.10 436.94 0.32 7366.98
470.98 451.69 0.55 1977.74
694.43 494.08 0.34 2396.87
343.52 398.71 0.41 1086.45
391.20 573.07 0.36 4734.86
630.44 464.50 0.40 7881.37
495.16 494.67 0.48 9965.24
329.39 592.55 0.47 8686.21
608.05 637.57 0.34 10697.51
366.85 287.33 0.40 5920.13
281.69 625.91 0.51 1121.10
469.01 524.67 0.32 9860.59
279.44 385.04 0.56 3184.19
388.83 367.79 0.54 8985.31
625.53 542.67 0.43 1474.41
434.88 623.95 0.47 10751.50
635.66 827.78 0.34 2363.61
468.29 557.12 0.45 10775.22
793.50 390.67 0.49 2345.50
301.28 491.30 0.38 5151.18
316.66 462.53 0.46 7504.42
321.29 395.33 0.38 8943.91
271.11 364.70 0.44 7278.42
318.40 495.00 0.31 4701.97
429.96 702.78 0.37 4821.60
555.98 635.77 0.52 8130.97
718.31 655.03 0.45 3471.07
628.03 462.13 0.39 9247.46
471.54 251.31 0.41 8866.89
413.35 470.40 0.50 3887.10
719.79 529.41 0.59 6787.02
531.29 632.02 0.58 8370.78
473.16 396.81 0.29 8075.62
687.39 646.43 0.52 9661.55
493.53 427.37 0.41 10421.32
604.24 513.69 0.37 3714.97
728.91 556.55 0.19 9140.05
246.06 583.55 0.32 7479.87
628.32 624.42 0.35 1363.93
316.93 515.63 0.41 2744.75
482.34 647.68 0.42 5259.73
220.49 538.77 0.24 3505.62
838.02 574.06 0.28 4269.17
337.09 465.69 0.44 10388.13
613.51 550.86 0.38 2974.32
592.18 388.87 0.40 4146.13
582.79 545.15 0.52 9974.27
501.67 667.21 0.44 4450.46
221.52 426.64 0.27 10401.62
858.92 494.94 0.41 797.79
410.49 677.01 0.40 5552.85
687.65 319.95 0.52 4682.03
889.87 527.56 0.30 2123.38
721.64 474.00 0.55 8499.64
451.56 405.68 0.32 8965.72
632.87 603.98 0.38 1023.53
574.19 481.93 0.38 3425.81
461.28 737.18 0.52 10338.22
500.25 402.51 0.21 8764.17
234.77 501.47 0.40 5131.85
563.89 552.63 0.35 7972.80
533.42 434.80 0.53 8424.10
433.97 541.03 0.23 9154.56
526.91 403.73 0.43 5417.61
339.13 451.67 0.43 8873.79
522.94 746.58 0.36 2400.01
310.69 492.86 0.01 7453.76
525.32 307.09 0.36 8234.82
784.64 469.91 0.35 10072.89
639.41 462.91 0.37 10091.32
409.40 635.10 0.54 7426.42
485.95 690.73 0.42 4093.37
465.99 752.83 0.38 4922.87
434.33 568.20 0.45 2881.80
484.87 519.01 0.30 8999.23
324.58 404.48 0.43 5800.62
440.33 509.49 0.29 4770.60
564.02 185.00 0.50 6771.24
620.39 606.24 0.47 10629.28
698.35 339.03 0.49 10472.76
520.23 354.47 0.26 3778.38
474.63 255.24 0.23 9118.61
404.94 690.71 0.39 9684.44
686.19 161.80 0.49 9668.23
334.64 311.32 0.26 2678.71
466.60 572.12 0.32 3805.09
310.28 326.40 0.41 7508.61
497.34 326.48 0.39 2614.61
590.04 689.65 0.44 8643.42
449.99 378.67 0.39 3719.38
473.99 610.35 0.38 3518.90
374.78 405.15 0.44 5722.22
659.94 593.58 0.43 1398.85
696.83 527.67 0.30 1504.43
431.03 147.87 0.54 9439.63
433.43 295.14 0.36 2234.10
655.36 528.06 0.40 1773.38
280.42 390.18 0.43 1630.79
699.69 505.96 0.45 1038.04
566.33 522.32 0.37 3117.96
674.68 533.48 0.52 2220.42
426.45 592.86 0.60 4886.35
370.79 653.45 0.46 1745.67
711.21 514.04 0.51 8519.92
555.87 517.31 0.44 10660.96
504.60 662.61 0.31 6085.54
218.41 460.63 0.29 7463.27
378.70 663.56 0.37 2207.30
303.33 730.45 0.44 3461.22
438.50 699.69 0.50 2139.81
218.17 581.55 0.27 5369.87
699.47 388.02 0.39 6182.39
712.01 614.95 0.29 9239.52
452.19 772.76 0.46 4852.45
348.30 648.66 0.28 4806.98
436.28 276.40 0.49 7023.40
808.32 556.24 0.47 6726.18
423.19 500.15 0.55 8399.20
628.01 665.22 0.60 6773.49
575.78 432.58 0.35 5181.10
404.54 481.58 0.32 2079.35
545.52 593.62 0.52 5711.36
594.67 461.58 0.25 3861.81
384.60 831.60 0.27 7313.04
730.26 345.35 0.37 8644.25
580.28 518.16 0.40 5284.15
463.30 456.56 0.45 1888.15
420.65 562.14 0.40 689.21
282.85 402.37 0.35 4102.27
569.38 351.42 0.41 7976.20
447.02 454.63 0.47 8004.77
661.52 515.85 0.52 4393.45
709.87 429.44 0.36 7379.31
382.86 623.64 0.53 3988.50
619.34 408.77 0.41 4101.91
659.03 268.91 0.46 10309.06
409.98 567.61 0.36 5135.01
538.85 548.78 0.41 3211.08
284.32 677.93 0.29 3337.79
539.53 811.09 0.19 3430.58
384.81 626.67 0.30 8988.30
545.61 609.17 0.38 6803.36
638.44 510.80 0.37 4146.51
667.92 532.77 0.39 6421.24
785.62 239.86 0.42 7992.33
323.55 761.41 0.29 3447.06
467.59 607.49 0.31 9640.11
345.64 510.94 0.31 6289.24
382.24 624.16 0.32 1021.68
593.11 413.72 0.36 4872.41
185.51 391.58 0.15 7004.14
647.90 708.65 0.36 8547.77
809.35 611.85 0.50 5481.76
609.06 379.08 0.43 4042.58
348.24 483.09 0.47 6454.85
438.63 421.13 0.33 1880.86
585.90 347.09 0.44 8595.55
202.85 596.43 0.44 10309.91
476.60 590.22 0.49 5503.36
658.43 387.42 0.39 6595.48
471.31 550.01 0.47 4523.56
328.68 570.20 0.51 8355.33
617.46 563.51 0.29 10550.26
93.89 530.39 0.37 2647.81
550.30 480.61 0.44 2165.53
774.95 392.04 0.32 7711.80
261.27 743.90 0.44 4059.80
