551.47 576.99 0.49 821.67
429.68 482.26 0.08 6512.79
614.90 471.10 0.08 10478.78
483.42 446.15 0.07 3613.17
466.91 516.27 0.58 5413.21
550.98 519.71 0.39 9503.88
508.67 534.56 0.58 6952.19
394.60 413.27 0.27 3506.09
644.88 512.17 0.16 990.47
509.80 521.54 0.25 7350.13
463.73 606.90 0.08 8774.53
497.99 542.58 0.47 1173.11
567.31 537.56 0.34 9145.03
524.57 538.37 0.28 10336.84
492.22 542.25 0.09 3641.21
489.01 488.88 0.34 4702.75
513.08 549.18 0.11 1836.21
491.96 518.94 0.11 10259.02
509.11 502.34 0.45 3280.20
537.52 482.63 0.35 7599.40
464.97 480.65 0.25 3291.35
460.76 507.06 0.30 9344.05
506.55 573.81 0.07 1497.56
516.69 468.86 0.11 4675.82
589.64 549.20 0.33 5093.44
