516.11 591.20 0.54 10729.29
470.75 456.97 0.25 6297.46
394.58 482.57 0.32 7588.36
552.03 545.94 0.43 9133.48
387.40 441.95 0.39 4448.48
467.81 496.72 0.46 8071.16
529.49 415.70 0.09 8540.33
494.98 399.57 0.23 8879.39
480.84 460.07 0.50 5370.98
529.32 457.38 0.40 6830.04
520.83 551.46 0.45 9253.39
467.60 502.19 0.33 3644.90
463.13 497.24 0.23 4757.43
505.80 533.02 0.16 9710.97
527.33 477.25 0.58 6285.78
579.60 502.98 0.51 2566.97
500.18 463.11 0.13 6309.40
543.14 409.66 0.08 1337.57
518.71 383.78 0.02 6402.97
476.75 502.88 0.24 2204.55
524.39 537.87 0.47 1324.70
457.30 472.37 0.21 2448.06
554.07 532.56 0.09 9051.69
472.01 520.66 0.27 9554.18
570.54 445.49 0.19 2979.01
533.17 573.65 0.08 9674.18
498.75 485.17 0.44 2683.85
426.22 445.61 0.35 7974.64
456.51 520.29 0.47 7722.89
494.27 537.75 0.28 9582.01
445.79 501.09 0.01 7529.71
537.08 523.55 0.05 2863.15
461.50 432.79 0.03 5175.47
512.74 412.98 0.19 9047.18
391.47 524.24 0.35 8600.26
498.55 373.64 0.07 9440.65
385.73 517.56 0.30 5085.19
487.62 546.98 0.16 2565.90
439.15 511.38 0.45 4695.34
470.68 525.75 0.13 6181.75
559.41 506.11 0.56 6822.66
528.93 504.40 0.56 854.47
532.66 429.47 0.51 7173.36
447.76 412.06 0.08 6825.36
550.70 568.87 0.12 654.02
497.48 485.98 0.49 5043.72
466.59 530.25 0.24 10097.09
453.94 561.73 0.05 2127.92
532.61 466.53 0.09 8068.48
476.06 512.42 0.54 5403.35
477.61 527.94 0.38 1106.19
429.84 527.64 0.42 4452.56
528.85 546.75 0.25 10058.65
405.71 516.99 0.43 5336.63
471.74 529.44 0.43 8666.91
420.32 501.90 0.44 9844.24
580.81 542.84 0.07 9476.55
480.46 521.99 0.16 1790.72
552.84 470.90 0.42 5361.37
478.10 468.58 0.06 8572.09
485.21 578.66 0.19 3274.17
419.65 442.33 0.24 9371.41
420.93 568.82 0.21 3429.92
506.20 490.03 0.11 3099.85
535.36 420.04 0.02 2087.90
548.35 495.60 0.57 5870.40
530.27 478.56 0.34 5564.60
521.36 447.09 0.46 10799.18
453.62 485.64 0.15 6760.74
572.29 427.68 0.30 3111.14
420.29 478.58 0.20 7139.37
617.80 579.43 0.54 1425.10
518.70 490.23 0.50 3268.97
535.05 434.58 0.52 10563.58
448.37 489.51 0.60 3907.46
