470.72 483.81 0.48 9514.37
447.77 502.81 0.24 3423.35
523.22 572.55 0.12 6128.29
560.45 481.41 0.36 2659.31
514.94 492.46 0.29 6187.45
531.84 480.50 0.43 9967.03
462.61 518.11 0.21 8210.22
535.72 418.13 0.20 1690.40
459.15 490.75 0.56 3763.35
461.91 457.00 0.55 9215.72
470.83 432.75 0.56 8441.35
580.65 520.18 0.32 6284.32
548.27 475.38 0.10 10257.27
491.80 509.55 0.40 4951.95
479.71 535.63 0.04 7294.46
489.11 531.46 0.02 2823.54
577.81 550.30 0.40 9996.51
622.85 530.46 0.14 10074.05
471.33 404.35 0.24 5584.03
485.50 419.86 0.25 2549.81
559.40 482.65 0.45 1701.01
472.58 447.79 0.33 7642.97
437.39 603.85 0.28 6422.67
403.18 494.04 0.23 8295.20
511.11 470.12 0.23 7426.93
483.89 502.97 0.52 2397.25
552.23 471.06 0.23 3267.67
603.10 467.20 0.57 8722.67
450.73 426.03 0.31 8444.00
464.32 548.93 0.21 3839.52
557.71 483.67 0.08 9440.68
527.28 450.68 0.36 729.39
487.09 402.80 0.28 7502.72
447.50 342.99 0.30 8297.13
495.55 605.12 0.43 2719.56
508.50 440.80 0.43 7293.11
425.17 532.52 0.47 5817.56
564.35 523.27 0.10 2527.77
420.08 506.11 0.18 4058.44
599.65 374.91 0.05 7744.12
492.93 551.88 0.15 1319.29
544.59 578.58 0.41 3374.73
480.93 493.82 0.58 7376.51
514.37 451.41 0.37 899.33
483.10 538.01 0.51 5016.73
492.74 518.21 0.06 2390.52
523.01 476.67 0.33 2686.40
495.13 574.32 0.50 6790.76
568.14 574.07 0.55 8205.00
493.64 574.76 0.56 4515.96
384.73 449.99 0.57 934.92
551.72 516.31 0.36 1756.63
535.44 454.69 0.18 7309.30
504.82 601.24 0.42 2226.58
513.41 477.00 0.43 4536.41
425.30 524.56 0.28 1397.21
515.07 551.00 0.42 5042.87
487.30 502.50 0.17 5739.24
499.52 558.44 0.59 10526.87
566.04 500.59 0.19 5877.52
505.57 489.00 0.33 4179.11
574.42 553.96 0.29 715.17
498.45 493.52 0.07 10121.01
477.41 581.05 0.49 4425.55
593.08 486.32 0.47 3341.99
523.64 490.66 0.04 9870.40
434.09 441.04 0.28 8663.15
550.01 492.48 0.22 3913.72
477.15 434.35 0.45 6791.31
411.69 499.78 0.51 5558.46
465.28 586.62 0.52 7293.85
555.84 512.12 0.58 4138.02
561.75 537.38 0.01 9214.22
490.23 518.22 0.60 4828.24
427.25 453.21 0.19 10243.07
530.63 545.15 0.25 10584.64
407.82 476.84 0.35 7664.68
548.78 406.55 0.59 6787.31
371.70 492.45 0.37 8982.73
508.74 479.95 0.26 2951.43
536.29 510.17 0.01 1739.75
502.48 553.65 0.47 10535.09
470.34 533.17 0.34 3807.18
501.49 454.18 0.02 2851.97
518.33 445.32 0.40 6377.35
503.22 551.48 0.45 5835.78
606.56 476.66 0.25 1564.75
476.60 455.28 0.27 8460.72
536.54 553.99 0.15 10569.64
515.63 454.24 0.42 8177.03
470.40 546.48 0.49 10769.55
573.79 478.69 0.15 4502.48
451.47 437.47 0.55 3309.72
509.75 473.31 0.15 8100.51
521.12 536.66 0.35 6000.40
541.90 489.30 0.35 3324.90
492.28 491.32 0.49 5227.59
500.52 516.65 0.10 5071.00
564.34 556.17 0.28 10355.61
429.61 464.85 0.58 2368.96
