475.79 463.30 0.55 2346.79
547.64 518.04 0.03 1296.51
493.31 490.97 0.02 3555.21
517.51 560.10 0.06 5932.59
480.65 406.62 0.45 10153.74
574.06 511.11 0.40 8676.98
522.17 563.73 0.52 8511.78
449.87 550.48 0.05 8426.54
447.45 500.02 0.29 9607.16
469.21 492.91 0.40 9599.07
469.63 435.32 0.50 5487.33
406.23 478.30 0.39 7567.50
505.09 481.67 0.02 9311.49
520.33 448.17 0.48 7607.66
518.46 483.41 0.52 1797.56
477.56 499.22 0.29 5665.36
472.79 523.46 0.38 8102.82
440.51 536.42 0.35 5533.52
474.02 473.88 0.56 2316.12
559.20 623.68 0.22 1490.77
487.21 440.83 0.47 2484.95
583.92 505.69 0.55 4228.87
511.70 441.61 0.13 2755.73
533.75 599.50 0.54 5193.20
468.72 489.10 0.16 1662.86
446.86 586.60 0.48 5374.01
541.56 532.29 0.41 7997.22
469.61 420.05 0.43 7078.64
445.44 571.80 0.23 8702.68
505.08 520.00 0.54 1087.36
475.24 512.52 0.04 2116.77
486.00 476.38 0.38 8139.66
428.77 498.42 0.32 6592.80
511.33 465.42 0.36 689.76
519.34 440.80 0.08 8894.35
565.12 574.81 0.11 10593.52
534.95 468.02 0.10 10434.58
442.16 487.59 0.52 927.91
503.78 454.71 0.39 3613.12
453.48 512.48 0.05 8275.33
547.85 464.14 0.01 7797.32
612.87 493.84 0.50 4131.65
389.73 452.05 0.05 9887.13
456.72 475.90 0.37 9084.80
535.55 376.91 0.08 1468.45
589.38 562.73 0.29 4565.50
456.40 572.27 0.05 5372.50
548.70 472.63 0.10 8986.28
536.40 470.77 0.13 6027.80
579.40 418.88 0.13 3314.66
513.54 453.13 0.37 4422.61
466.79 440.02 0.41 7049.02
478.65 491.21 0.37 2619.72
475.35 435.11 0.15 5289.04
485.25 552.31 0.43 9488.99
505.85 438.44 0.28 5590.86
552.47 519.31 0.31 2143.11
502.76 494.50 0.34 8804.34
502.83 494.27 0.04 2661.86
429.94 458.42 0.29 9625.89
482.81 514.68 0.34 3394.38
558.18 577.04 0.29 2596.76
448.65 461.69 0.10 8241.01
527.65 440.79 0.31 7451.29
478.01 586.40 0.05 10259.58
524.32 486.48 0.02 8796.36
502.61 451.60 0.26 2350.42
534.47 434.04 0.23 4872.79
588.13 398.94 0.17 2275.78
495.35 467.55 0.43 7690.67
482.29 460.06 0.45 5676.46
422.93 606.68 0.38 10531.18
545.21 515.09 0.42 8367.71
473.00 528.91 0.20 6128.38
534.14 486.94 0.07 2940.63
466.32 395.66 0.54 7477.32
493.58 567.07 0.50 3206.99
549.39 497.91 0.02 9915.87
559.05 493.69 0.17 6616.96
481.15 531.32 0.12 3245.88
500.41 452.79 0.45 10136.09
494.57 420.91 0.56 5102.21
521.89 464.08 0.57 3950.79
479.26 491.73 0.38 2975.04
492.65 403.15 0.38 6753.65
464.78 515.29 0.18 9437.85
471.31 546.64 0.09 1393.10
598.65 431.52 0.29 7186.69
531.85 469.36 0.39 7577.62
478.70 487.03 0.37 2546.75
542.57 534.16 0.57 5435.51
505.11 484.83 0.58 1632.05
447.20 496.92 0.20 7316.37
398.57 505.11 0.19 4345.56
470.31 422.09 0.38 1732.32
462.35 490.14 0.33 4818.92
501.27 505.72 0.56 1500.03
456.69 391.79 0.15 7392.25
438.69 490.54 0.36 1224.39
548.61 431.08 0.10 5018.01
540.64 417.51 0.30 3265.12
466.76 486.39 0.02 7728.53
553.12 485.33 0.06 5858.00
462.90 488.84 0.04 10771.57
446.35 527.39 0.33 3849.95
589.41 475.60 0.13 4185.11
507.82 477.38 0.32 4034.23
463.47 456.78 0.32 3411.37
498.23 541.16 0.26 8683.24
462.80 396.17 0.28 7404.40
393.22 506.33 0.45 4914.79
475.33 445.62 0.60 3290.21
488.19 495.97 0.20 7677.46
555.10 581.35 0.23 758.96
443.96 479.42 0.43 4825.01
511.02 498.26 0.57 6150.39
457.06 569.04 0.43 653.38
546.27 436.89 0.51 5961.65
396.35 447.21 0.31 9120.65
512.24 437.45 0.11 8607.64
485.40 566.90 0.45 1508.96
476.10 514.24 0.30 7246.92
516.55 475.82 0.18 3000.73
468.21 567.74 0.27 9049.97
491.92 431.69 0.21 3524.33
515.19 468.20 0.35 9150.89
543.20 456.21 0.40 1379.04
515.71 455.50 0.26 7151.31
521.01 548.47 0.60 10556.89
463.29 396.30 0.09 7629.05
462.68 558.40 0.02 7115.24
494.98 489.68 0.28 3590.55
482.26 478.64 0.40 5082.68
548.40 415.26 0.45 693.48
508.23 562.63 0.40 4852.06
448.22 561.09 0.13 6574.95
458.93 562.19 0.55 2536.79
558.55 461.22 0.19 6054.27
489.56 498.90 0.23 5296.65
578.10 401.00 0.55 4921.27
454.32 440.05 0.13 9174.20
509.33 511.82 0.14 3717.49
515.94 450.50 0.56 4990.59
488.31 522.01 0.47 4058.22
511.27 467.68 0.44 1719.75
563.95 482.56 0.32 10231.35
515.74 522.75 0.28 5138.86
526.26 457.22 0.02 10158.42
525.22 506.27 0.20 9119.12
559.75 479.78 0.54 2648.58
437.67 550.03 0.48 5464.74
584.96 517.82 0.16 10471.58
526.92 500.14 0.19 820.92
424.23 477.95 0.18 3921.23
450.69 516.65 0.25 1314.06
494.44 625.68 0.40 7421.18
468.74 467.13 0.07 5260.99
438.97 544.09 0.57 5965.50
502.85 527.33 0.55 2141.98
490.58 533.73 0.07 5468.80
577.88 441.77 0.21 814.02
496.94 549.22 0.23 2441.03
509.02 518.81 0.25 5034.28
431.92 474.20 0.14 4994.10
486.93 455.80 0.36 981.63
548.72 487.35 0.58 1674.46
586.38 487.11 0.34 9027.53
476.42 550.87 0.37 687.19
461.33 471.60 0.43 656.70
567.03 440.71 0.08 1231.60
469.99 506.76 0.09 3559.90
590.07 504.07 0.33 4144.96
494.78 493.28 0.59 9834.50
414.89 521.70 0.09 6677.35
523.91 470.53 0.50 5486.76
