497.10 452.61 0.16 9911.96
577.65 413.15 0.38 4337.89
495.46 458.70 0.52 3666.90
348.17 424.15 0.26 5944.12
548.65 445.88 0.03 8914.69
409.14 525.33 0.44 10257.16
492.34 392.93 0.34 760.48
521.45 470.38 0.48 4118.98
552.54 605.90 0.03 5376.84
548.58 531.75 0.11 4814.35
584.23 506.47 0.15 8771.66
571.31 410.67 0.38 2285.01
471.09 560.46 0.44 5296.89
492.84 496.17 0.12 5193.04
429.86 543.27 0.22 7532.11
446.01 351.40 0.53 6156.41
466.63 570.37 0.46 2396.23
476.14 472.19 0.05 741.02
528.60 565.33 0.39 4219.61
515.78 402.48 0.27 9469.20
594.18 444.67 0.45 10069.71
544.02 510.59 0.30 2285.85
535.39 491.14 0.21 2879.39
516.85 566.78 0.43 9884.86
475.17 460.03 0.47 10736.81
492.83 465.51 0.44 4306.30
543.51 512.75 0.57 7619.57
434.62 446.40 0.33 2746.00
498.15 463.42 0.38 8657.56
516.40 461.96 0.06 4203.96
579.64 425.59 0.32 7264.04
364.87 403.68 0.52 8933.84
573.02 543.25 0.38 4134.77
505.01 551.42 0.51 7218.35
576.44 549.66 0.52 8502.30
419.09 427.36 0.49 6427.48
522.27 471.52 0.02 3185.72
501.96 476.38 0.43 1635.12
565.41 538.48 0.23 2628.04
557.42 427.02 0.25 8324.01
475.21 517.64 0.03 8219.39
534.65 523.18 0.12 8797.58
543.63 486.72 0.46 9229.32
450.57 526.82 0.15 9570.12
587.50 495.91 0.07 5019.87
458.65 572.85 0.53 10648.16
555.80 483.03 0.26 3506.17
550.58 494.24 0.30 7262.57
524.69 450.08 0.01 10747.49
581.18 492.50 0.33 10669.75
442.24 576.80 0.52 2091.16
528.50 487.45 0.30 4806.79
521.00 504.48 0.55 3752.75
495.54 564.65 0.35 10091.96
536.48 522.13 0.12 2467.23
531.81 447.79 0.41 2921.19
482.62 581.94 0.46 7423.32
521.57 515.48 0.18 3248.06
467.07 550.34 0.43 8309.52
461.33 523.44 0.39 10198.85
545.21 519.54 0.06 7847.23
536.88 471.42 0.47 5134.74
657.20 502.11 0.55 3972.91
510.89 534.50 0.35 10312.45
523.79 465.47 0.08 7940.95
466.11 501.71 0.23 7983.93
555.41 470.65 0.24 3927.18
529.94 458.65 0.09 7385.59
446.04 489.18 0.31 7162.97
523.62 472.71 0.21 1015.91
515.73 511.24 0.37 3500.12
550.55 514.68 0.34 3439.18
512.09 485.93 0.51 8542.95
476.36 503.55 0.09 7972.49
472.14 488.22 0.36 3671.28
474.46 479.94 0.56 7269.35
468.37 517.81 0.03 6247.36
500.81 528.10 0.08 2782.91
453.25 509.08 0.14 8903.69
468.77 524.58 0.59 8695.61
390.25 510.66 0.41 10113.01
447.75 522.09 0.14 3780.50
494.56 474.82 0.37 5353.04
518.36 476.75 0.37 6178.27
452.96 417.04 0.07 5394.93
503.59 533.11 0.41 966.85
399.14 463.30 0.55 5897.24
458.65 446.98 0.17 5196.22
579.52 382.18 0.06 10395.48
534.09 450.67 0.28 3864.56
558.47 406.31 0.43 9858.77
562.45 453.79 0.08 8595.78
394.62 568.13 0.47 2441.97
591.56 502.08 0.25 7301.30
587.61 474.51 0.19 10688.17
550.57 487.76 0.46 8941.04
463.94 549.92 0.16 7512.77
539.90 523.20 0.32 7149.05
412.67 535.61 0.16 9638.96
484.66 516.47 0.20 3618.56
586.28 461.30 0.42 6311.61
477.03 542.12 0.32 4103.56
530.75 480.02 0.34 7587.77
574.39 519.55 0.12 6622.84
404.88 560.54 0.37 2519.84
570.57 469.95 0.58 2045.04
467.34 526.92 0.51 3280.26
373.96 477.29 0.24 10775.94
500.12 507.12 0.18 9522.11
500.79 529.32 0.02 7483.32
495.61 438.78 0.47 3645.24
462.78 461.27 0.42 6342.33
515.11 550.33 0.55 6353.33
476.75 508.29 0.33 7428.10
455.38 477.20 0.41 2017.90
540.89 551.86 0.28 7560.60
366.88 519.47 0.40 5369.96
552.85 446.05 0.47 7238.44
551.36 449.85 0.19 3878.06
497.14 409.38 0.28 4570.66
473.36 577.96 0.24 2455.86
440.35 519.88 0.09 7494.58
461.23 491.95 0.44 9132.13
522.52 516.09 0.05 8018.13
557.13 545.17 0.19 3198.92
498.54 538.37 0.43 804.81
448.00 485.64 0.55 5884.81
475.90 500.67 0.02 1174.65
557.54 506.87 0.03 5240.05
503.96 652.26 0.40 2264.49
530.53 549.47 0.26 9912.73
482.09 556.05 0.08 7030.20
424.87 541.53 0.55 10303.53
491.30 499.27 0.46 4014.28
486.15 503.84 0.13 10329.32
515.81 502.39 0.14 6237.78
527.92 470.28 0.06 10488.45
530.33 484.81 0.57 7209.18
552.05 508.70 0.17 2040.10
527.46 490.03 0.22 3163.53
518.97 530.73 0.36 8174.59
447.53 482.42 0.39 7928.85
420.53 544.51 0.16 9743.74
495.08 494.36 0.03 1869.79
463.98 587.37 0.01 2923.14
333.28 580.43 0.29 7234.28
424.00 525.26 0.11 6179.46
454.67 542.86 0.07 8410.33
499.63 568.28 0.51 10447.40
495.86 456.10 0.32 6507.67
