480.80 490.57 0.05 3064.84
508.07 577.28 0.15 2086.73
552.48 526.54 0.47 3390.26
593.25 532.19 0.16 7212.73
509.66 463.26 0.32 6323.55
573.80 472.36 0.40 1575.66
504.10 515.91 0.16 2068.29
534.19 468.38 0.09 4366.03
517.55 452.45 0.03 8511.89
473.58 565.18 0.43 3721.04
455.24 502.66 0.14 10378.65
548.15 450.80 0.04 4222.23
526.81 433.51 0.47 2672.88
490.14 445.73 0.17 4633.95
517.04 493.40 0.38 5621.16
462.25 512.64 0.51 1149.30
515.14 501.82 0.47 3272.02
425.31 510.16 0.34 8163.78
487.93 431.64 0.34 7434.56
469.23 497.05 0.50 5260.48
592.40 470.20 0.33 8103.34
467.16 518.18 0.28 1128.42
592.53 490.34 0.14 2326.97
550.93 459.71 0.45 6473.87
412.25 465.76 0.08 8192.68
490.20 518.81 0.34 790.98
560.89 621.32 0.37 10504.10
490.55 437.88 0.40 3027.90
553.15 461.66 0.21 2418.74
405.66 428.92 0.03 4546.71
528.19 523.14 0.18 3495.28
449.38 551.81 0.21 10104.66
513.86 484.39 0.51 5343.93
451.11 488.49 0.53 2331.66
521.30 552.81 0.24 5236.73
451.21 434.16 0.26 7347.18
588.97 561.53 0.10 4963.84
482.08 508.88 0.34 8639.26
517.92 543.80 0.25 3515.67
504.93 611.67 0.58 8305.83
502.14 514.69 0.29 6338.11
474.67 516.47 0.58 8029.89
405.02 498.87 0.57 1481.54
561.32 471.80 0.24 7047.04
473.34 470.59 0.01 3101.85
564.39 443.85 0.46 6004.67
519.06 506.09 0.57 6039.66
558.18 497.74 0.35 2960.12
517.34 445.05 0.30 8272.27
507.26 574.30 0.45 2160.80
532.32 499.39 0.51 1256.20
561.57 461.47 0.30 5887.97
525.69 458.72 0.54 8162.06
475.27 517.16 0.33 5440.62
448.31 452.03 0.26 1299.63
534.48 449.90 0.15 5257.17
518.93 519.09 0.09 4797.55
488.00 544.06 0.23 5772.00
415.65 519.32 0.05 7392.64
485.79 564.82 0.39 3209.90
549.67 508.29 0.27 2175.73
536.45 454.89 0.21 9938.43
550.83 449.35 0.40 8724.05
448.53 463.70 0.57 7931.51
584.86 549.38 0.53 3809.15
426.31 398.91 0.32 1448.01
449.16 598.25 0.35 8944.66
488.49 444.45 0.16 8698.39
466.00 451.69 0.41 7444.28
425.83 453.30 0.07 1561.53
532.96 517.76 0.49 6466.63
380.60 533.82 0.53 882.09
577.71 504.64 0.01 7585.80
487.76 598.41 0.58 9907.80
480.44 438.72 0.51 1266.08
537.94 384.36 0.49 8512.92
528.56 479.11 0.40 4620.58
425.08 482.66 0.05 879.61
510.39 469.16 0.37 10434.75
494.69 572.94 0.06 3608.78
484.41 538.56 0.37 1378.36
463.07 461.64 0.33 5451.50
518.99 487.49 0.59 1783.74
435.63 561.58 0.45 8234.81
562.77 395.52 0.41 813.21
353.56 550.58 0.13 6379.57
538.55 582.71 0.42 9832.23
614.65 563.26 0.46 2274.58
478.39 531.19 0.53 1200.54
540.65 417.58 0.09 8538.41
582.63 480.63 0.43 4273.67
558.36 475.49 0.13 9598.60
477.93 522.77 0.04 713.62
534.56 476.33 0.30 3042.66
451.19 479.16 0.02 6970.85
505.72 518.61 0.21 2721.08
527.11 542.93 0.56 5441.69
534.02 490.37 0.55 7821.95
494.38 428.21 0.42 5389.43
486.34 457.59 0.07 7877.85
422.65 477.22 0.48 1438.48
539.41 499.30 0.34 9619.91
537.63 534.41 0.44 10101.61
531.70 495.19 0.13 1906.71
502.26 491.96 0.34 7323.44
530.10 502.24 0.32 1953.38
487.43 467.43 0.45 8095.65
530.90 437.33 0.48 2443.69
509.34 496.82 0.45 8949.18
596.19 535.60 0.15 2470.17
483.93 509.93 0.32 1135.09
521.53 587.33 0.59 10356.48
505.68 477.81 0.29 5135.44
414.36 400.43 0.41 1616.72
421.35 519.34 0.30 5002.72
480.30 435.68 0.35 2202.54
532.35 501.37 0.05 3747.57
549.41 506.67 0.38 7775.40
504.66 541.57 0.12 2407.98
476.70 484.37 0.08 6608.09
525.61 533.05 0.31 9588.28
439.40 595.26 0.22 7287.73
496.82 547.88 0.14 4270.28
590.55 589.88 0.14 1139.43
411.88 546.58 0.18 10544.40
452.54 472.06 0.57 5707.24
511.73 517.67 0.43 1946.90
520.80 396.15 0.53 10795.68
571.24 489.89 0.04 3026.52
574.12 465.23 0.43 2152.84
569.99 555.75 0.23 4878.96
610.74 495.24 0.15 2565.02
385.77 495.25 0.43 8207.13
519.13 551.25 0.31 4245.45
533.65 428.25 0.14 9584.24
488.68 470.82 0.27 10441.34
513.72 485.15 0.28 3623.63
603.82 521.40 0.22 9500.46
498.92 429.32 0.27 1527.82
538.25 531.81 0.27 1299.70
454.26 499.83 0.56 5085.20
483.80 456.23 0.40 1447.10
452.29 620.56 0.18 8797.33
519.18 514.58 0.04 4824.34
526.64 562.55 0.17 9514.81
559.90 438.41 0.59 6055.87
474.55 501.79 0.15 7342.49
543.40 554.03 0.23 8995.14
454.42 536.53 0.19 7846.26
513.55 439.30 0.33 4124.56
469.88 513.87 0.03 2420.96
435.39 476.36 0.21 8466.23
491.39 489.46 0.27 2125.64
479.38 500.67 0.03 4426.72
525.84 604.46 0.08 2195.14
611.30 536.54 0.17 10482.66
446.83 472.86 0.02 5179.92
518.91 443.15 0.09 812.34
491.43 565.13 0.22 4964.53
614.57 388.38 0.40 9910.96
583.86 535.64 0.32 2670.36
547.29 411.47 0.09 8196.62
540.85 571.16 0.49 9254.33
478.86 451.72 0.45 3467.24
468.85 484.18 0.42 8543.00
520.42 512.53 0.12 2789.55
496.30 448.18 0.54 10627.42
540.34 540.58 0.08 9789.21
468.74 497.67 0.13 1568.14
544.72 518.34 0.17 10661.79
558.47 435.68 0.07 2427.32
509.23 577.57 0.39 8785.34
511.12 461.84 0.18 8169.11
439.11 560.44 0.25 9925.98
505.97 535.60 0.43 4912.40
557.87 521.31 0.17 5068.13
481.87 500.91 0.39 9250.81
564.09 436.96 0.32 9724.25
491.10 432.58 0.33 7976.63
474.29 516.25 0.19 1302.43
509.32 542.49 0.32 10219.55
549.51 515.98 0.41 7017.40
474.47 431.42 0.05 2624.12
453.37 581.97 0.37 771.16
446.56 463.83 0.41 5468.52
520.46 569.74 0.03 6395.33
469.04 328.05 0.53 4525.24
494.97 459.24 0.13 5055.69
481.25 503.89 0.23 9473.06
459.14 500.98 0.28 10122.00
509.59 486.67 0.38 2364.49
521.83 464.55 0.17 3832.14
439.41 500.00 0.53 8868.53
394.60 575.80 0.17 8855.06
505.76 438.75 0.11 6489.69
521.27 493.90 0.48 9063.39
590.86 455.02 0.04 5305.35
453.60 496.23 0.32 1679.16
500.06 492.84 0.49 9629.57
544.48 428.50 0.41 6443.04
