463.56 436.72 0.03 7663.75
552.05 568.86 0.45 7844.19
471.15 560.42 0.50 7736.54
555.35 498.43 0.51 6675.73
521.02 540.66 0.39 4907.50
405.61 437.16 0.45 6917.60
559.35 456.30 0.24 6143.95
373.40 464.92 0.53 6457.17
532.78 471.68 0.42 6213.60
518.09 480.11 0.49 9886.37
541.48 397.38 0.15 6514.22
581.00 471.78 0.10 5855.79
492.46 515.44 0.25 7980.44
433.63 570.26 0.46 9241.95
490.77 493.87 0.52 8350.11
532.00 441.72 0.18 5722.13
485.84 521.64 0.43 7679.66
485.26 475.73 0.46 7641.69
485.73 510.42 0.53 9143.44
418.36 495.23 0.10 1321.95
463.82 495.41 0.04 3267.99
523.99 527.17 0.15 9394.97
512.29 616.86 0.08 7686.73
410.95 538.13 0.57 7581.67
527.72 545.63 0.56 2396.60
521.12 582.55 0.08 3337.61
419.47 554.63 0.07 10737.29
414.84 595.53 0.13 7754.36
487.88 485.75 0.36 7026.12
513.87 470.36 0.42 4862.67
547.94 543.51 0.53 4794.78
458.52 597.59 0.12 3299.13
496.38 474.98 0.27 9543.33
465.06 498.60 0.03 8305.28
459.58 514.25 0.17 8653.61
460.91 507.82 0.10 2043.67
458.20 503.82 0.56 8513.62
572.81 542.41 0.43 2532.87
619.38 545.49 0.58 5059.19
462.79 539.37 0.05 4889.31
529.95 520.66 0.13 6978.05
564.24 495.76 0.23 5108.69
519.78 502.80 0.06 1240.79
463.38 550.64 0.23 10203.80
488.22 523.74 0.40 7376.45
519.48 486.01 0.36 793.23
563.71 467.66 0.32 3506.11
509.34 467.15 0.55 8215.40
493.09 552.47 0.40 6409.59
478.94 551.38 0.17 7770.66
502.19 486.20 0.01 3409.22
568.59 537.52 0.05 880.72
471.59 545.07 0.41 5822.48
504.70 555.88 0.36 1520.33
528.31 532.18 0.58 2575.94
507.06 443.95 0.05 4339.83
457.82 467.42 0.16 1537.03
500.88 505.94 0.23 6605.08
439.88 454.04 0.30 1265.94
460.85 544.90 0.28 1665.87
497.21 480.65 0.35 1553.91
519.35 500.74 0.36 1269.03
527.83 497.43 0.53 10784.32
446.67 563.15 0.23 1618.12
505.84 573.62 0.23 5791.90
553.68 507.64 0.55 2037.29
397.07 487.76 0.29 4514.21
533.82 469.37 0.33 730.46
504.97 430.21 0.10 8352.53
593.77 521.82 0.20 1807.43
584.11 480.13 0.01 3535.37
397.48 496.27 0.39 9948.80
463.84 534.92 0.35 5771.25
527.33 454.76 0.06 8785.41
489.03 423.92 0.09 8816.58
486.52 405.46 0.04 10538.59
523.09 529.45 0.43 9251.79
501.15 571.29 0.48 8865.63
620.78 509.08 0.11 1128.94
394.42 548.59 0.09 10447.82
422.64 497.89 0.48 2965.08
488.87 550.05 0.40 7453.37
558.89 438.16 0.32 3179.20
464.40 417.67 0.24 6359.55
541.38 429.01 0.44 1438.87
577.94 518.98 0.10 7121.80
570.11 529.58 0.18 3374.62
489.05 357.03 0.02 1819.06
531.28 486.66 0.53 5353.01
526.94 496.71 0.50 9477.09
623.92 443.13 0.27 9293.59
511.42 623.12 0.49 9752.41
471.27 548.28 0.31 7694.87
469.98 450.06 0.60 7424.17
513.27 458.71 0.50 9601.42
501.25 513.10 0.38 10597.90
503.92 546.15 0.16 6749.44
539.74 510.52 0.12 3280.58
535.93 447.90 0.21 3718.15
461.61 437.34 0.04 6227.03
568.72 530.94 0.36 9330.02
531.41 547.35 0.19 4545.89
535.17 504.92 0.20 1787.87
514.33 487.15 0.38 5826.80
530.21 502.41 0.10 4540.17
447.39 419.35 0.16 8370.59
558.65 549.19 0.23 7169.97
609.14 409.10 0.14 3290.76
524.11 499.64 0.24 7993.16
577.82 406.58 0.49 9166.12
486.99 511.01 0.44 8151.71
554.39 494.09 0.17 5141.08
497.95 534.09 0.35 7175.07
461.40 490.77 0.50 6420.77
469.26 532.45 0.10 1830.85
439.92 491.55 0.05 5037.94
526.28 432.70 0.18 6179.48
523.89 453.23 0.14 6581.50
554.74 534.69 0.05 4659.81
494.99 535.21 0.26 10719.96
570.45 478.99 0.11 4593.20
521.47 514.40 0.33 4522.93
563.63 461.34 0.20 8404.33
462.57 416.10 0.01 7764.88
457.51 501.69 0.55 9668.11
