564.66 461.91 0.45 8204.62
438.45 482.18 0.36 5714.99
570.35 534.41 0.11 4598.98
480.97 555.77 0.04 772.90
474.98 513.81 0.59 8055.58
471.81 448.58 0.52 6310.68
459.44 547.20 0.06 9029.81
521.28 570.05 0.04 7695.49
466.36 453.67 0.04 8149.12
484.44 556.56 0.45 1879.28
460.37 511.74 0.22 5359.31
477.86 526.32 0.14 9736.79
411.28 429.48 0.30 2372.63
549.18 552.23 0.60 1918.24
507.35 470.74 0.12 6873.52
476.03 485.50 0.56 6049.58
507.76 539.03 0.41 9035.89
501.93 407.98 0.57 2984.41
453.18 448.03 0.26 2780.13
485.19 521.76 0.37 4993.53
462.45 432.03 0.57 1473.09
529.44 471.82 0.02 3833.05
569.21 531.08 0.27 4629.05
554.67 445.89 0.56 7321.51
456.31 530.53 0.18 8471.30
504.38 379.15 0.48 2672.70
549.82 522.37 0.20 5087.83
465.49 518.07 0.57 5362.13
571.86 453.68 0.37 3251.98
496.16 506.65 0.36 7594.67
437.06 345.48 0.31 7723.60
433.06 492.18 0.12 9357.04
576.74 533.41 0.29 9734.83
498.67 430.08 0.51 2554.53
457.54 606.43 0.24 8329.86
597.87 470.66 0.04 7817.91
515.91 533.75 0.22 7459.29
484.25 435.97 0.10 5736.30
515.32 554.74 0.53 8160.45
549.97 482.31 0.04 3213.76
482.02 475.94 0.44 5609.15
407.18 538.89 0.37 10421.58
529.74 551.46 0.15 7962.66
472.29 530.15 0.28 3684.66
554.25 450.02 0.33 10173.68
444.69 571.84 0.40 3993.15
514.73 477.63 0.23 5315.76
497.83 443.13 0.12 9980.85
565.23 411.05 0.20 3734.34
456.26 488.54 0.10 7401.78
