117.76 332.12 0.13 4961.03
66.87 797.04 0.14 5448.85
187.84 4.35 0.02 6111.89
50.63 552.00 0.04 3144.77
47.50 983.49 0.01 4736.40
143.16 208.62 0.07 2380.33
145.09 222.09 0.15 5456.48
1.83 568.62 0.15 6711.65
63.59 759.67 0.08 6484.98
89.66 382.87 0.12 5600.42
180.58 317.07 0.18 5781.02
133.62 116.05 0.01 4675.34
73.25 133.20 0.11 3973.97
106.26 2.32 0.03 4272.28
112.96 735.07 0.10 5263.29
50.63 700.12 0.05 6754.54
19.92 546.73 0.14 4317.98
77.55 612.97 0.06 3352.33
135.29 370.73 0.05 7108.98
130.64 393.34 0.01 7196.57
31.00 377.60 0.05 6128.45
140.21 162.95 0.01 4692.52
4.89 803.98 0.16 4706.20
97.77 85.21 0.26 4626.94
98.81 392.16 0.09 6246.81
124.90 871.02 0.16 5058.65
94.38 429.36 0.12 6003.60
133.82 955.06 0.09 5786.42
39.81 515.55 0.01 5897.10
47.21 994.20 0.03 4536.40
96.18 818.12 0.01 4336.52
129.57 332.62 0.06 3358.00
167.99 405.36 0.34 5374.11
112.02 278.73 0.01 5428.75
159.79 828.95 0.08 3742.67
110.76 5.80 0.08 6841.65
80.86 218.24 0.13 5214.03
180.27 812.78 0.01 5519.82
142.62 766.80 0.28 4978.90
7.31 99.72 0.09 5415.81
380.37 646.93 0.26 4537.65
306.14 749.93 0.15 6132.32
383.52 62.99 0.05 5961.26
353.02 555.39 0.24 6410.90
306.34 892.70 0.07 5920.31
237.24 4.31 0.02 3820.48
256.02 666.93 0.12 5954.39
211.20 184.42 0.12 5992.22
235.87 897.63 0.17 4720.68
236.16 826.79 0.15 5018.22
337.11 545.54 0.21 6568.71
356.19 599.33 0.08 5693.32
384.74 492.46 0.01 5225.07
320.51 700.66 0.17 2678.93
279.95 345.28 0.26 4470.47
273.46 682.35 0.12 5298.97
345.18 410.83 0.06 5085.14
221.60 654.10 0.01 5623.86
376.75 756.28 0.21 3715.48
318.80 679.84 0.03 6148.31
318.83 76.29 0.12 3684.52
318.84 195.77 0.07 5050.78
313.06 356.94 0.20 2961.70
220.15 848.81 0.17 6365.53
334.79 14.03 0.08 3455.55
338.15 667.75 0.04 4900.03
350.63 274.89 0.11 4987.37
293.44 470.37 0.19 5270.26
309.44 144.19 0.25 4009.14
248.45 404.91 0.11 3444.54
247.85 140.03 0.03 4644.11
255.35 272.52 0.11 6511.87
313.96 464.29 0.13 7337.63
272.40 79.35 0.02 5072.81
310.60 41.06 0.11 2955.85
241.09 701.76 0.06 6794.48
264.53 2.62 0.08 5041.41
286.94 416.78 0.07 6149.56
217.14 618.20 0.07 3888.58
358.92 702.94 0.08 4854.60
524.73 803.84 0.21 3860.04
510.08 590.67 0.24 4622.31
513.29 107.86 0.12 6031.33
470.23 83.38 0.11 5170.07
538.40 897.78 0.12 5937.62
502.03 613.66 0.06 5783.96
468.70 96.34 0.19 4154.99
586.84 736.33 0.18 3499.79
569.27 915.03 0.16 5067.65
401.67 808.74 0.02 5775.16
569.39 360.05 0.23 6735.50
487.83 475.18 0.18 3415.82
531.61 47.42 0.06 6582.50
416.14 806.54 0.06 4546.46
587.18 116.91 0.09 4724.93
518.98 358.90 0.02 5710.43
590.60 744.11 0.07 5834.62
463.14 316.08 0.16 6554.04
422.92 304.05 0.08 4806.50
551.19 873.29 0.12 5879.09
484.96 206.04 0.02 3640.92
588.84 845.46 0.11 3860.91
411.52 133.49 0.11 4624.82
506.01 824.90 0.18 5614.69
557.18 677.22 0.21 6056.35
464.81 620.75 0.07 3936.04
480.52 874.19 0.15 5548.96
410.52 603.31 0.08 5149.03
495.97 27.34 0.01 5089.01
484.62 144.97 0.13 5773.71
555.41 871.48 0.23 6465.61
480.14 292.36 0.11 4543.09
445.01 118.04 0.10 5596.17
508.01 965.47 0.07 4069.73
574.31 812.70 0.15 5693.81
426.81 989.14 0.05 4910.67
520.23 943.56 0.24 5063.02
553.06 962.60 0.01 3443.43
485.18 655.75 0.09 5191.96
513.67 125.38 0.14 2731.02
643.19 802.06 0.05 5151.43
733.89 942.75 0.01 3789.77
600.54 176.39 0.11 3357.49
636.00 770.83 0.21 4743.36
791.87 671.65 0.04 4581.31
705.49 717.56 0.08 4655.93
614.50 696.73 0.04 4432.21
704.70 510.61 0.05 5966.20
678.34 756.57 0.18 5952.59
709.98 710.30 0.16 5344.33
693.48 21.86 0.07 4884.57
735.71 592.54 0.19 3599.74
750.73 526.15 0.20 5071.48
779.20 170.78 0.09 3731.62
602.14 422.74 0.07 5215.55
613.74 989.69 0.05 5197.09
717.63 552.64 0.24 4474.16
608.74 587.93 0.09 4580.97
650.75 418.89 0.02 5492.58
791.59 93.61 0.15 4651.87
707.14 150.54 0.19 4251.51
683.75 787.82 0.07 4233.76
745.79 93.48 0.11 4127.92
603.35 22.48 0.04 5339.15
693.29 634.14 0.14 5859.26
776.22 961.79 0.14 6460.45
661.46 122.17 0.07 6167.06
757.63 96.82 0.08 5269.68
642.36 367.30 0.06 4986.60
761.99 772.69 0.08 4254.56
768.98 663.49 0.16 6282.47
744.97 398.25 0.12 6098.56
622.79 145.33 0.04 4540.36
694.86 618.29 0.20 5822.43
683.61 704.75 0.06 5383.72
797.89 957.21 0.18 3949.39
656.15 962.47 0.17 6416.18
671.91 322.09 0.09 3722.01
779.74 370.19 0.11 5773.90
603.58 329.73 0.06 4733.26
861.19 470.43 0.31 4596.31
824.91 981.82 0.12 5322.97
913.84 46.54 0.11 6054.08
963.71 38.09 0.14 5606.37
875.85 641.57 0.14 4777.31
819.34 291.74 0.22 5730.21
857.75 51.38 0.01 4070.00
819.93 895.63 0.09 3846.39
914.32 884.89 0.08 6838.42
925.62 401.60 0.13 3515.48
945.73 136.37 0.16 5283.46
806.33 999.68 0.18 6833.42
944.87 319.24 0.08 5642.02
838.50 227.72 0.26 5257.85
827.35 911.84 0.05 4345.20
849.24 344.61 0.01 3876.74
849.56 390.49 0.20 3953.75
898.67 717.09 0.06 5303.91
812.20 624.61 0.06 4918.13
838.87 995.65 0.21 4899.91
882.78 37.41 0.09 5290.96
903.52 285.69 0.10 3795.37
806.81 408.79 0.05 5326.63
936.84 947.80 0.01 4957.23
856.89 687.19 0.09 5477.82
872.53 619.94 0.26 3644.62
861.07 237.16 0.15 5026.41
857.51 714.89 0.12 7707.67
923.45 706.94 0.01 5266.78
894.48 237.14 0.16 4695.62
972.24 990.18 0.30 4883.48
964.01 822.49 0.08 5017.48
826.95 900.90 0.03 6169.01
866.14 738.33 0.07 5605.30
846.17 872.80 0.05 4761.88
802.93 397.19 0.11 5718.39
980.03 308.71 0.14 4049.44
907.58 694.89 0.13 6053.94
869.64 334.36 0.02 6824.01
882.57 838.12 0.16 5351.09
