178.63 175.36 0.06 5469.61
43.99 727.64 0.14 4455.10
158.42 260.13 0.19 3962.29
120.92 421.32 0.02 3722.79
15.76 448.00 0.06 4078.72
167.63 313.17 0.31 4457.02
69.88 925.80 0.08 4162.79
108.88 577.13 0.01 3977.30
103.79 737.81 0.09 4867.84
67.51 251.25 0.10 5325.92
27.14 835.18 0.06 4045.59
58.52 687.38 0.19 3873.14
166.03 265.39 0.12 6233.61
88.45 559.80 0.03 4312.41
27.55 349.94 0.16 4915.38
96.31 705.42 0.17 4417.12
146.64 647.26 0.08 4918.20
82.51 823.37 0.01 5757.72
185.90 818.05 0.08 3317.22
94.84 661.54 0.21 5392.83
115.45 562.96 0.05 4376.24
5.49 687.10 0.07 4680.31
2.68 67.92 0.19 5154.44
131.89 917.26 0.01 5847.82
104.70 813.40 0.17 4943.67
63.71 408.60 0.09 4980.54
110.82 837.47 0.11 4833.96
99.55 914.66 0.02 4796.36
128.52 244.27 0.14 4742.94
177.03 687.37 0.01 5170.92
299.68 58.91 0.11 4008.83
336.97 521.39 0.20 3465.10
203.66 495.18 0.20 4934.37
377.36 40.23 0.03 4818.52
253.56 264.24 0.08 4715.21
223.92 325.44 0.40 5282.95
332.89 211.16 0.06 4654.32
252.88 815.95 0.13 3404.34
360.15 181.44 0.09 4467.88
283.37 489.94 0.01 7483.31
353.06 593.39 0.15 5495.84
210.09 970.33 0.16 5073.88
381.15 697.49 0.01 5672.45
341.63 3.92 0.21 4932.34
383.64 124.44 0.02 4634.52
226.64 866.41 0.22 4490.96
238.34 861.87 0.16 3665.25
297.63 6.04 0.04 6008.43
303.76 151.84 0.01 4250.34
284.84 30.39 0.18 4037.75
216.21 567.51 0.13 6845.40
249.68 408.11 0.05 5822.39
244.71 752.75 0.17 4362.25
249.80 142.17 0.02 4375.71
283.34 147.88 0.03 5832.41
243.49 896.55 0.07 5900.79
287.38 203.75 0.12 5659.38
271.57 388.19 0.05 5136.21
365.48 568.82 0.01 1074.44
325.24 641.63 0.11 4612.77
493.37 286.73 0.18 4267.68
580.18 958.40 0.07 3536.07
484.26 700.69 0.10 6142.56
547.22 764.29 0.12 4851.87
598.66 686.85 0.06 4329.60
561.02 558.93 0.16 5396.23
587.17 412.08 0.21 4264.60
464.86 603.96 0.01 5035.03
489.18 8.31 0.01 5087.36
556.88 914.57 0.01 6693.98
503.42 695.04 0.10 4670.04
516.76 273.94 0.19 7313.06
472.82 670.25 0.03 3812.26
413.43 334.02 0.06 6192.35
497.23 372.60 0.23 6414.11
578.52 875.19 0.08 3790.58
420.34 54.91 0.19 5223.69
430.16 521.25 0.14 6201.12
553.69 465.23 0.09 7057.94
503.32 155.87 0.19 4446.21
423.17 655.63 0.25 4665.11
422.64 267.01 0.02 4372.76
493.61 208.09 0.04 1770.99
500.46 720.43 0.06 5051.73
528.48 801.84 0.12 4585.45
576.93 951.22 0.08 5588.12
476.37 790.92 0.03 4717.83
512.33 262.80 0.05 4373.67
497.46 289.06 0.12 6060.06
430.24 918.04 0.01 5358.76
714.15 622.74 0.01 5717.18
741.22 802.43 0.02 5019.78
642.13 398.09 0.12 5335.10
657.66 798.19 0.19 5757.24
634.30 497.88 0.01 6331.35
610.43 26.28 0.01 5509.11
735.98 38.33 0.10 2700.65
627.21 50.15 0.05 5692.09
797.41 434.59 0.01 6589.27
685.61 583.04 0.12 3019.76
691.53 508.60 0.06 4629.17
623.88 95.70 0.13 5809.53
791.14 897.38 0.10 2806.05
666.14 396.06 0.12 6475.92
744.41 839.65 0.04 5006.14
727.31 93.91 0.01 5081.02
706.06 610.54 0.11 4124.87
790.81 362.57 0.12 6867.17
725.26 709.73 0.09 6311.07
717.56 797.03 0.01 3072.60
756.58 162.16 0.06 5575.83
680.63 860.11 0.12 4385.96
627.12 666.93 0.10 4149.15
782.39 85.88 0.17 4758.70
782.04 44.20 0.06 3628.60
683.84 330.72 0.17 6029.33
673.20 740.17 0.14 3783.09
794.91 526.68 0.06 5046.20
605.48 709.50 0.04 6340.19
717.25 313.85 0.09 4406.29
811.14 30.90 0.01 5764.05
930.44 476.81 0.09 4491.57
840.61 756.75 0.11 6141.59
859.07 599.43 0.19 3906.48
873.69 972.40 0.08 5266.97
951.22 85.29 0.08 5691.51
823.57 786.86 0.16 4598.56
991.76 316.75 0.03 3300.99
852.09 978.89 0.15 3960.69
885.23 967.44 0.09 4896.41
971.84 654.66 0.11 5438.37
890.22 618.11 0.03 4880.79
865.40 648.18 0.12 6446.82
879.54 218.89 0.15 3594.73
902.50 585.50 0.27 4844.74
918.37 782.40 0.11 5695.33
830.74 715.86 0.04 3848.20
962.29 202.79 0.19 6036.20
944.72 543.45 0.20 5329.22
870.99 867.60 0.18 5688.14
848.95 213.09 0.05 4751.41
902.57 548.37 0.22 3235.09
900.03 821.46 0.04 6997.33
867.00 373.55 0.08 4913.99
873.28 220.80 0.24 5525.41
898.22 716.05 0.02 4128.94
927.42 96.68 0.16 4859.44
996.92 873.50 0.15 4584.49
845.03 781.00 0.06 5867.57
825.14 656.33 0.01 4157.01
