19.45 50.25 0.03 6879.52
31.17 129.12 0.13 4399.57
91.22 981.99 0.02 5319.68
69.87 16.83 0.14 5443.75
132.11 937.65 0.04 5243.71
116.36 73.23 0.02 2872.73
35.22 808.92 0.21 6020.51
70.18 347.60 0.14 6948.90
97.27 989.26 0.17 6250.67
44.52 248.41 0.16 5387.16
55.82 520.09 0.16 7447.80
147.52 519.20 0.19 4871.96
107.57 983.92 0.19 6163.90
27.18 213.08 0.13 5309.52
154.91 909.12 0.01 6030.56
71.41 407.30 0.21 6046.37
70.83 304.50 0.06 5206.56
76.01 796.86 0.21 4553.42
72.24 308.92 0.02 4902.82
25.79 117.18 0.06 4654.64
131.81 19.97 0.03 2468.42
178.94 545.52 0.13 7073.36
189.45 636.60 0.08 5385.41
180.32 42.16 0.12 3525.40
87.22 783.41 0.06 3001.38
27.47 925.04 0.11 4894.15
78.45 259.77 0.23 6038.55
186.43 280.11 0.26 5983.09
120.05 829.41 0.09 5863.68
20.96 384.71 0.11 5207.13
77.37 145.77 0.07 5434.89
159.73 75.12 0.08 1802.82
73.82 244.33 0.18 6821.93
37.60 141.89 0.11 5670.33
145.99 562.51 0.11 4578.97
202.88 73.27 0.04 4924.67
395.78 515.29 0.33 5181.42
367.19 725.80 0.19 5111.78
330.56 785.80 0.22 5040.34
306.76 12.29 0.09 4882.23
217.23 160.10 0.25 4262.29
261.80 207.96 0.12 5264.84
290.48 936.98 0.11 5193.17
399.24 858.85 0.01 5515.36
203.30 74.56 0.17 5475.16
319.91 771.53 0.18 5471.39
328.20 343.88 0.07 4946.80
329.64 246.79 0.10 4137.80
387.52 470.08 0.26 6749.19
314.15 307.81 0.05 5130.98
358.83 659.05 0.12 4895.51
250.75 945.13 0.09 5943.51
375.69 878.54 0.07 2220.84
209.97 315.82 0.08 7238.22
236.76 212.56 0.08 5324.01
349.08 784.82 0.24 4067.14
284.93 798.99 0.09 4896.21
322.48 929.16 0.09 3698.78
349.67 804.94 0.14 5132.93
230.95 478.14 0.30 3675.56
346.04 30.36 0.19 5827.43
229.37 73.27 0.03 5699.62
272.16 616.64 0.21 3861.28
242.28 281.44 0.07 5114.42
362.36 397.30 0.32 4744.32
300.86 273.75 0.06 5496.89
330.60 715.47 0.27 5629.07
295.71 312.17 0.15 6470.21
296.01 163.12 0.12 4342.87
318.66 258.18 0.28 5736.01
549.61 780.47 0.06 4109.77
512.32 805.80 0.12 4215.34
459.26 129.82 0.21 6838.36
580.03 122.17 0.07 6680.30
532.58 305.67 0.20 3446.00
409.22 486.15 0.09 4997.20
545.15 978.22 0.09 3496.44
412.28 532.28 0.16 3768.37
454.23 289.75 0.18 3588.79
571.63 101.56 0.20 5195.88
586.82 186.36 0.04 4322.00
535.90 658.50 0.07 3903.90
410.91 539.76 0.21 4442.99
464.11 153.82 0.17 4721.35
527.14 820.10 0.09 4797.17
579.45 229.45 0.02 4458.21
529.34 74.51 0.11 3484.00
469.99 610.28 0.07 3611.22
416.88 662.55 0.06 4131.33
513.59 106.55 0.23 3591.72
470.25 45.11 0.19 5822.39
563.98 239.38 0.05 6169.30
461.86 786.20 0.17 4671.34
488.75 4.08 0.02 5604.77
535.67 837.33 0.26 4642.16
404.80 729.29 0.05 4936.65
537.18 96.07 0.19 5589.37
434.11 37.28 0.31 4364.02
591.10 515.01 0.01 6164.14
536.06 181.49 0.12 5307.62
585.87 796.36 0.15 5757.78
444.97 397.11 0.21 3400.86
429.64 499.02 0.08 3619.53
500.94 815.08 0.09 4630.79
470.47 513.38 0.04 6127.57
739.50 320.97 0.09 4748.03
653.28 393.11 0.12 5464.72
652.89 158.83 0.27 5729.20
777.45 187.99 0.19 4915.76
724.77 577.25 0.02 6175.24
716.32 462.94 0.03 3868.52
798.37 381.83 0.10 4118.72
618.21 964.33 0.25 5950.58
734.36 617.81 0.04 5397.65
796.14 303.14 0.15 3602.64
651.95 255.82 0.13 4825.10
694.43 167.96 0.15 4655.64
609.50 998.87 0.01 3610.11
748.06 825.70 0.13 4497.57
741.14 239.30 0.30 3152.79
613.78 168.44 0.01 5555.04
791.23 612.13 0.05 3618.53
774.83 232.53 0.14 6379.90
616.05 356.63 0.10 6311.72
607.91 754.62 0.17 4811.26
739.54 772.71 0.22 4022.84
724.13 715.83 0.02 6248.10
648.39 520.24 0.09 4332.23
710.46 148.92 0.10 5028.98
672.21 875.33 0.18 4986.56
609.40 374.81 0.07 4082.31
657.22 847.32 0.01 5841.49
717.44 954.53 0.16 5405.68
718.30 913.23 0.10 4830.99
671.65 510.06 0.19 6038.71
779.66 145.87 0.04 5909.06
737.01 453.26 0.18 5130.64
602.14 243.89 0.11 5948.16
739.06 445.08 0.22 4842.71
640.31 952.61 0.14 5212.07
818.96 938.35 0.19 5094.84
806.99 124.79 0.15 6035.96
864.71 750.60 0.07 4347.84
905.23 285.78 0.25 3718.89
804.54 587.23 0.09 4920.18
823.50 511.86 0.04 7528.98
944.19 978.85 0.06 4589.09
867.11 908.33 0.15 2977.43
922.84 359.53 0.01 6633.32
824.79 469.69 0.11 5365.64
922.72 988.27 0.01 5271.43
848.73 500.36 0.03 7619.17
989.76 121.33 0.08 5004.54
810.89 589.59 0.13 6764.02
942.50 959.06 0.18 6206.13
812.92 922.78 0.01 4763.83
950.95 386.05 0.29 4571.95
928.98 262.76 0.01 5519.46
922.43 343.32 0.26 3785.78
818.45 616.34 0.14 6492.78
909.07 264.44 0.11 6640.16
931.84 101.06 0.24 5123.67
821.40 882.86 0.01 6745.64
907.52 300.84 0.03 5948.40
986.98 257.86 0.15 4986.84
856.84 855.16 0.12 5663.45
923.46 945.59 0.26 6513.28
822.97 960.10 0.02 4251.77
847.26 300.94 0.24 5465.34
944.13 409.62 0.01 4928.69
908.04 341.47 0.02 5672.98
906.87 100.81 0.09 5461.60
867.65 479.92 0.02 4568.30
892.98 530.55 0.10 4606.57
971.03 657.85 0.11 5399.17
