114.47 640.02 0.12 4791.55
112.04 959.28 0.24 5902.36
43.30 779.67 0.05 5233.12
33.96 732.00 0.01 5182.31
34.52 829.96 0.10 5384.94
104.38 565.67 0.04 5339.70
197.98 707.95 0.19 4743.37
153.04 259.54 0.02 3942.35
156.62 168.82 0.11 6939.36
48.16 365.19 0.16 5420.68
180.06 613.77 0.01 4411.43
163.90 250.55 0.09 5314.30
4.21 775.08 0.39 3812.99
47.84 574.08 0.03 4678.68
58.17 152.98 0.09 6232.72
275.47 96.63 0.09 5441.83
243.50 250.50 0.01 3923.31
208.13 760.44 0.28 7692.55
338.04 482.03 0.27 3534.33
250.61 470.32 0.01 6638.77
312.39 603.02 0.19 5188.46
236.00 549.07 0.01 3539.80
334.97 151.93 0.18 5858.45
299.65 997.65 0.07 3076.40
259.48 982.77 0.04 5722.34
212.28 497.32 0.14 3490.38
304.29 925.80 0.01 5557.38
222.29 790.51 0.09 6667.64
314.50 22.73 0.20 3735.88
201.45 776.21 0.01 5880.90
500.54 983.96 0.19 5568.03
425.33 870.15 0.06 5658.72
588.81 425.56 0.10 5241.42
500.08 21.41 0.06 5114.97
492.87 637.27 0.23 7760.26
495.92 122.01 0.01 4835.61
555.01 222.82 0.12 4990.82
511.71 379.12 0.31 5943.53
547.37 885.44 0.04 4608.36
563.18 855.78 0.16 3708.61
592.15 34.88 0.15 6447.69
571.65 830.06 0.30 3455.09
464.43 902.26 0.08 4814.96
543.85 915.46 0.29 5201.85
550.61 741.97 0.22 2730.18
783.27 85.49 0.17 4958.59
758.39 870.11 0.23 4978.26
651.23 645.52 0.07 4488.83
637.10 892.39 0.13 5490.29
799.95 420.96 0.10 3744.87
702.95 278.52 0.06 4649.59
607.40 236.99 0.14 7593.28
734.04 482.33 0.05 4929.96
766.32 523.25 0.13 5871.63
703.59 128.98 0.14 5109.08
735.84 975.14 0.16 4052.28
711.19 123.00 0.10 5547.78
713.63 425.46 0.24 5219.79
605.49 618.49 0.18 5519.41
734.70 304.18 0.04 3850.20
956.12 408.57 0.06 6792.24
966.12 667.03 0.01 5523.50
888.58 180.14 0.20 5443.14
983.37 20.69 0.05 5516.18
964.68 389.60 0.06 4108.23
931.08 521.61 0.17 6321.33
993.16 386.38 0.03 4451.24
923.52 493.33 0.07 6269.36
898.49 335.06 0.08 4176.78
948.47 294.95 0.11 3889.37
931.04 78.55 0.05 5991.61
920.21 741.14 0.29 5269.51
835.28 964.75 0.05 4231.82
995.33 180.30 0.16 4712.47
955.06 410.92 0.26 5742.39
