55.88 825.67 0.20 4726.93
120.14 550.86 0.15 5389.40
85.19 589.99 0.02 5210.32
87.11 731.19 0.11 4890.35
89.12 208.09 0.07 5312.15
357.10 732.52 0.20 3571.51
213.14 508.47 0.07 6471.04
267.96 726.22 0.21 3859.85
252.86 886.79 0.09 5551.10
277.33 558.43 0.08 6144.20
554.51 211.52 0.01 5274.60
516.71 813.70 0.25 6139.36
561.55 78.37 0.02 7089.44
413.25 404.89 0.07 5365.43
570.04 382.94 0.02 6373.75
670.69 459.82 0.01 6244.04
635.05 411.70 0.15 4210.99
600.59 490.41 0.32 4797.06
649.18 856.70 0.14 5476.78
722.05 474.86 0.05 3314.91
848.75 784.28 0.05 5757.83
811.16 576.22 0.15 5846.71
956.85 700.98 0.04 3942.44
920.55 723.97 0.19 3303.43
831.96 8.23 0.11 6321.13
