135.20 846.35 0.11 5487.36
49.83 15.49 0.12 5413.32
172.80 227.10 0.09 5690.20
141.77 607.41 0.37 3577.77
92.22 93.14 0.03 4794.30
82.68 268.23 0.10 4539.03
139.74 331.69 0.10 5243.55
1.30 112.96 0.06 7227.55
42.53 739.91 0.01 4447.86
184.73 144.08 0.26 4205.66
334.15 315.94 0.03 6382.15
205.74 753.23 0.07 4327.18
334.58 474.53 0.15 3548.94
274.81 53.88 0.16 5546.29
326.17 121.04 0.18 4505.85
262.57 455.53 0.07 3006.21
266.84 924.24 0.12 5001.81
262.47 3.94 0.22 3397.80
206.99 177.86 0.03 5437.05
308.62 490.82 0.22 6030.29
524.44 195.02 0.19 4602.98
492.81 803.64 0.27 6294.90
578.80 654.67 0.28 5004.18
481.04 36.17 0.13 6022.59
439.63 503.70 0.19 6628.21
566.28 443.09 0.13 2545.91
567.08 123.53 0.08 3898.47
478.00 588.41 0.05 5270.54
415.52 569.05 0.05 6580.03
520.59 240.36 0.01 5135.34
646.50 292.55 0.06 6334.50
744.42 974.75 0.15 6936.26
611.60 2.79 0.04 4173.67
609.29 190.67 0.27 6100.75
661.15 707.80 0.23 3863.89
725.18 695.32 0.10 4858.96
770.34 508.94 0.05 4737.27
732.22 83.12 0.14 5190.45
610.10 387.54 0.30 5843.68
771.81 267.69 0.04 5321.78
995.57 743.02 0.14 6384.05
971.95 181.32 0.02 4738.48
862.60 248.01 0.20 5340.22
973.12 627.46 0.12 3199.78
840.04 849.54 0.04 3053.32
973.11 230.83 0.05 5664.50
863.63 376.26 0.28 3590.71
824.83 19.18 0.01 5380.92
954.17 404.48 0.18 6225.66
947.62 308.33 0.07 4910.95
