5.98 544.75 0.28 7233.89
54.26 429.88 0.11 3999.21
6.70 411.97 0.11 4381.15
179.52 644.58 0.22 5722.00
21.29 120.78 0.01 5597.73
68.73 987.58 0.03 4418.96
196.68 854.81 0.06 3822.56
164.97 150.36 0.14 5952.93
172.47 534.39 0.08 4275.66
19.94 220.54 0.12 4931.89
124.64 662.17 0.28 4189.96
49.68 817.53 0.02 4166.40
130.05 612.81 0.05 6531.80
129.88 786.40 0.12 6262.14
94.01 723.48 0.01 4449.84
112.27 429.40 0.14 3820.76
143.62 313.01 0.13 4466.45
189.49 738.27 0.18 3809.59
136.55 580.52 0.23 5395.97
182.21 715.16 0.29 5371.10
201.55 478.13 0.11 4280.36
258.61 937.72 0.10 5041.54
301.64 771.35 0.04 4437.49
213.03 493.40 0.31 6100.37
311.19 765.67 0.11 4572.82
328.62 362.86 0.13 5556.59
239.48 856.15 0.11 7593.48
325.07 550.32 0.08 4555.91
295.44 228.53 0.13 5747.46
308.39 539.66 0.30 4101.59
333.24 871.23 0.20 3639.45
284.55 265.96 0.24 4280.46
308.53 968.28 0.09 5461.37
365.29 984.09 0.01 4227.56
355.44 233.32 0.07 5735.95
345.02 216.25 0.13 5868.74
299.51 608.44 0.11 5184.64
298.24 708.15 0.05 6865.43
367.40 636.98 0.10 4633.29
307.15 691.56 0.23 4371.09
410.26 459.01 0.28 4771.60
476.49 744.41 0.03 3939.14
527.42 800.84 0.05 4361.20
497.06 217.10 0.21 4719.10
592.75 18.21 0.06 5354.07
439.09 178.44 0.11 2864.17
521.82 803.60 0.07 3951.73
540.89 125.59 0.14 4407.38
441.86 477.21 0.17 6279.82
484.92 738.68 0.02 5934.43
447.71 855.97 0.18 3177.25
423.84 323.29 0.23 3502.63
582.19 930.24 0.08 5125.20
573.31 264.29 0.05 5623.33
502.24 77.73 0.15 6342.66
509.75 851.74 0.05 7469.62
460.89 774.69 0.24 4103.37
459.16 432.65 0.16 3992.53
486.75 533.00 0.25 5298.78
446.85 540.29 0.23 6066.31
775.35 563.70 0.17 6090.48
635.61 793.10 0.03 5999.53
636.22 945.26 0.01 6686.21
752.56 563.33 0.13 5953.47
664.20 76.49 0.14 4867.00
715.02 546.60 0.13 5478.66
617.47 988.27 0.08 5098.84
703.38 213.02 0.16 5456.54
656.23 335.17 0.15 5948.45
602.88 8.54 0.01 5714.07
642.30 379.70 0.06 4832.20
763.56 820.46 0.13 3467.19
718.41 961.96 0.09 4225.20
658.48 435.21 0.03 5473.19
654.71 431.24 0.15 5269.43
618.67 87.55 0.08 4833.74
686.65 397.02 0.06 4614.55
600.41 99.54 0.19 5888.68
602.54 3.82 0.15 5047.89
768.21 197.88 0.07 5062.63
978.65 1.64 0.12 3472.86
883.10 371.04 0.14 5074.38
887.35 816.67 0.01 3944.51
994.78 930.31 0.11 5323.39
886.91 687.30 0.24 4425.19
899.51 107.38 0.18 5903.31
931.20 101.27 0.20 6404.78
833.29 385.06 0.17 6270.57
864.77 706.52 0.08 2859.30
908.97 652.29 0.03 4568.75
820.63 469.56 0.03 3023.95
892.19 198.89 0.18 3857.22
969.91 868.86 0.18 5126.88
803.01 629.66 0.12 2321.18
897.57 482.41 0.03 5265.25
920.40 165.75 0.17 6033.14
935.11 766.95 0.16 5674.58
832.79 686.75 0.21 5751.12
885.12 362.25 0.28 3268.66
989.19 500.55 0.19 4099.26
