177.34 77.39 0.03 3820.31
142.13 903.79 0.01 5181.36
106.55 62.67 0.20 4769.76
75.91 960.14 0.02 5142.15
0.89 85.19 0.02 5453.81
76.93 638.05 0.02 6502.88
140.16 639.10 0.15 3882.72
124.16 45.39 0.07 5738.22
129.40 620.26 0.05 4896.98
106.54 149.26 0.11 5439.18
193.35 558.40 0.19 4378.51
75.85 575.56 0.01 6294.20
132.49 321.68 0.02 3651.74
46.91 692.88 0.08 3467.56
19.55 588.90 0.04 7641.65
25.26 143.08 0.08 4485.49
28.97 855.87 0.10 3944.96
97.02 67.47 0.01 5366.06
10.35 807.95 0.06 4718.35
155.01 239.33 0.27 3746.03
170.27 748.82 0.01 4853.26
67.70 943.93 0.02 5754.41
45.95 987.10 0.08 7315.26
114.98 462.01 0.28 4413.50
198.34 126.67 0.06 4514.92
350.11 581.87 0.05 4457.87
305.29 237.86 0.15 6294.79
258.94 140.25 0.17 5735.36
232.71 546.82 0.32 4598.16
219.70 521.97 0.16 3454.37
240.07 257.53 0.02 3875.37
247.56 409.38 0.17 4066.72
343.95 99.61 0.05 3708.06
220.66 103.65 0.13 5659.89
388.46 492.91 0.08 2547.60
308.53 551.64 0.18 6609.41
209.82 631.47 0.12 4507.61
288.21 826.92 0.03 5988.85
250.03 574.99 0.09 6475.34
353.65 1.76 0.08 5986.37
290.80 810.76 0.07 5236.79
250.67 678.27 0.19 5693.38
265.26 572.32 0.13 5141.35
392.90 158.28 0.07 5579.71
345.23 183.73 0.15 5533.43
281.11 678.15 0.07 5915.96
302.78 170.92 0.05 5341.45
383.52 904.48 0.06 4807.13
287.49 730.51 0.15 5920.04
213.02 193.52 0.03 4576.61
544.52 83.47 0.03 5358.80
596.73 2.91 0.07 4825.66
411.45 727.07 0.15 5030.63
532.93 188.00 0.03 4714.84
507.06 630.02 0.01 5516.58
517.20 727.18 0.22 5710.53
462.04 718.70 0.34 5560.80
593.35 972.86 0.02 5124.17
541.66 540.57 0.01 4773.06
559.06 202.83 0.15 5623.11
512.34 266.51 0.21 5513.42
530.75 274.10 0.19 4665.83
463.56 943.21 0.14 3476.65
412.85 944.65 0.07 6064.43
422.86 475.88 0.15 5826.11
545.63 967.76 0.07 4803.68
426.34 325.32 0.09 2808.46
417.15 123.00 0.23 4925.35
432.09 241.11 0.06 4618.19
418.33 495.77 0.20 7136.44
516.65 877.45 0.18 5420.13
448.81 340.22 0.20 6466.97
565.34 127.58 0.28 4272.40
533.49 815.46 0.05 5070.00
495.78 943.38 0.21 4692.91
616.98 1.93 0.06 6443.82
647.43 797.80 0.03 5755.52
688.79 186.65 0.31 4723.89
678.43 729.19 0.15 4978.38
752.08 675.62 0.21 3897.12
748.30 545.85 0.16 5500.83
666.36 296.24 0.06 5485.12
726.16 363.09 0.33 4812.19
642.72 26.82 0.06 5814.56
795.16 134.74 0.14 6051.28
682.07 979.66 0.13 5203.86
688.22 400.44 0.13 5453.52
663.80 68.86 0.26 4891.69
714.11 496.44 0.16 3739.14
653.72 126.77 0.07 4089.79
712.92 329.95 0.12 5461.58
765.73 940.25 0.22 4973.48
756.55 520.35 0.14 5053.18
666.56 450.43 0.02 5641.22
647.04 324.05 0.07 6547.41
776.22 588.47 0.17 6573.43
741.05 447.92 0.01 4883.77
795.56 929.83 0.17 4202.05
750.62 661.73 0.02 5170.16
684.62 602.68 0.13 5459.65
876.13 945.73 0.07 6448.45
875.33 157.73 0.07 3544.85
967.11 145.86 0.01 4788.20
806.89 74.51 0.19 5558.82
894.80 310.79 0.16 5021.45
918.18 764.91 0.10 5084.87
801.48 406.37 0.12 4411.62
845.10 633.34 0.06 4012.80
937.68 389.35 0.13 4612.67
838.11 404.54 0.06 4406.58
867.48 788.25 0.04 5960.66
801.27 882.19 0.08 5690.93
802.74 788.88 0.17 6507.85
939.45 860.69 0.17 4651.12
907.25 562.43 0.06 5005.88
926.54 137.04 0.22 5035.57
910.91 499.58 0.04 4808.58
881.61 553.81 0.07 3429.10
907.41 913.62 0.18 5721.33
846.28 930.04 0.04 4578.89
933.01 576.80 0.05 3847.58
864.05 469.43 0.06 3882.80
959.87 4.18 0.22 3854.68
870.01 751.70 0.04 5164.13
907.96 999.97 0.03 3931.55
