32.17 821.37 0.01 8948.77
34.18 334.65 0.41 6988.51
127.88 57.72 0.02 6848.23
37.15 45.08 0.09 7851.11
162.28 220.55 0.34 5483.86
117.65 80.98 0.31 8261.98
141.59 130.78 0.17 6263.86
0.78 60.99 0.48 7962.75
128.99 673.33 0.03 8504.31
74.23 707.90 0.46 6349.29
19.37 183.56 0.32 7676.63
108.16 662.58 0.16 8180.30
69.63 723.57 0.30 7173.45
121.86 506.79 0.34 6617.30
13.01 842.18 0.19 8220.70
125.05 550.36 0.05 5313.91
43.33 820.40 0.45 8682.55
147.38 588.01 0.10 6842.28
39.27 862.79 0.44 7890.82
182.46 55.82 0.34 5946.16
16.67 303.34 0.32 5166.43
47.73 437.18 0.49 7116.62
83.55 130.26 0.48 7462.66
20.89 782.77 0.30 6657.09
163.60 419.49 0.44 4524.20
188.32 987.95 0.21 6274.92
30.57 707.71 0.43 7351.85
13.41 890.76 0.05 8552.29
71.23 831.68 0.06 6457.04
124.23 543.65 0.49 4939.86
223.83 645.61 0.51 6749.78
257.76 676.00 0.19 7385.58
257.61 845.56 0.28 5581.04
322.52 117.85 0.23 7576.79
244.68 553.16 0.39 6972.52
280.39 933.03 0.07 8661.61
303.63 681.67 0.27 5800.81
354.28 152.63 0.10 6468.99
369.81 931.60 0.44 10326.73
213.19 191.56 0.47 9164.28
291.77 533.78 0.27 6603.35
392.52 219.57 0.28 6164.82
201.15 17.40 0.23 7883.19
266.20 75.33 0.16 7348.98
345.46 522.26 0.08 5819.28
236.33 668.54 0.22 5700.02
277.91 944.46 0.25 8319.34
210.71 146.50 0.08 6952.74
288.51 218.25 0.12 6052.74
307.29 756.05 0.52 8903.67
222.26 218.00 0.04 7330.51
252.24 707.53 0.37 5478.95
247.88 871.58 0.23 5289.90
308.27 852.36 0.58 7020.39
247.79 861.87 0.27 3152.69
275.78 483.69 0.24 6905.19
385.99 161.46 0.58 6466.24
339.85 520.77 0.34 5787.21
341.28 715.17 0.26 6271.34
271.31 740.45 0.31 7215.94
578.15 8.74 0.26 6411.22
505.22 95.76 0.10 5291.45
537.21 264.01 0.19 7410.04
433.48 720.26 0.40 7559.87
555.87 360.41 0.25 7946.64
427.35 101.62 0.10 6535.39
477.91 761.82 0.48 4492.90
516.17 782.42 0.18 6187.17
406.37 1.83 0.56 7556.26
532.75 345.60 0.27 6162.90
596.84 486.43 0.13 6217.82
475.38 919.03 0.42 7065.95
445.06 19.00 0.48 6743.06
476.14 123.45 0.40 8106.40
596.96 391.67 0.14 6760.11
432.09 726.77 0.06 6422.19
470.27 524.02 0.31 7992.33
426.85 934.89 0.41 7096.66
490.72 101.45 0.48 5539.38
530.31 914.46 0.22 5494.67
431.34 698.36 0.32 7920.89
459.62 56.25 0.60 7250.65
585.42 807.24 0.59 8403.33
585.13 702.64 0.13 5980.38
495.20 229.76 0.31 7133.21
576.54 580.67 0.34 7259.02
506.14 917.10 0.16 7440.43
441.82 585.06 0.59 7622.84
514.00 590.47 0.20 7152.65
457.14 375.36 0.27 5666.79
684.26 174.11 0.32 6626.38
766.37 352.52 0.40 6558.80
645.60 154.72 0.31 6181.04
613.05 978.85 0.52 7591.65
667.05 15.17 0.05 7763.27
603.94 846.17 0.02 7339.33
755.05 746.95 0.28 7387.53
622.69 448.52 0.38 7734.13
608.20 945.90 0.38 9125.63
626.64 659.76 0.35 8567.89
678.60 861.68 0.31 8080.03
618.98 214.49 0.14 6056.66
770.75 57.62 0.49 6584.12
775.82 565.63 0.44 8157.48
682.03 498.26 0.51 7287.14
776.75 255.07 0.12 9891.38
615.99 143.31 0.37 5665.89
747.10 78.41 0.23 8006.74
792.08 549.00 0.01 7193.28
623.02 391.61 0.45 7921.37
755.85 551.69 0.51 6374.87
766.94 999.59 0.38 6324.60
663.88 899.93 0.10 5521.46
749.76 174.26 0.16 9255.57
670.53 204.10 0.16 5249.12
727.98 222.62 0.56 7083.03
767.04 937.67 0.15 5804.77
705.79 916.98 0.09 9449.40
606.29 456.76 0.58 8958.76
732.66 278.09 0.18 7160.27
825.96 941.59 0.32 7092.27
885.06 127.44 0.42 7630.68
993.44 493.15 0.39 6926.53
982.04 176.97 0.57 7157.75
887.59 653.36 0.28 7253.66
968.42 510.78 0.09 7073.53
892.11 655.77 0.34 7831.80
947.81 798.42 0.46 8825.34
910.24 452.99 0.14 7206.21
816.27 431.31 0.41 5072.30
834.91 700.15 0.38 4828.39
861.53 108.52 0.23 7397.19
995.65 138.60 0.24 6526.76
922.74 789.18 0.36 6243.52
931.57 480.87 0.39 8648.87
948.33 952.75 0.03 7401.98
930.11 140.57 0.09 7166.67
823.71 6.95 0.17 9669.53
815.67 982.81 0.35 8070.99
992.49 369.63 0.58 7040.37
977.06 325.03 0.34 5047.07
996.51 968.16 0.27 7858.14
968.53 56.66 0.60 7724.70
868.71 841.03 0.06 5461.56
996.79 800.43 0.39 7526.95
981.79 350.00 0.32 7479.86
934.40 851.57 0.07 7086.91
916.54 589.15 0.04 9145.22
917.19 316.87 0.35 7185.77
949.48 911.24 0.07 8295.77
