46.87 404.15 0.10 8005.25
81.90 216.13 0.05 5357.74
16.07 881.62 0.58 7017.68
21.00 830.61 0.19 8915.31
167.74 792.28 0.58 5742.31
162.30 784.11 0.45 7197.18
195.08 990.95 0.45 6680.78
147.11 60.07 0.54 8138.59
159.74 161.92 0.22 7156.30
64.34 586.21 0.55 6199.69
96.10 17.04 0.32 8538.08
107.67 667.07 0.38 6660.71
113.05 287.07 0.40 5957.08
1.54 42.20 0.14 6213.04
33.94 628.67 0.02 7233.89
67.39 149.01 0.56 5305.42
24.67 630.90 0.17 6809.77
104.12 523.60 0.23 6139.41
170.86 754.55 0.43 5968.08
95.55 259.60 0.18 7173.92
148.78 409.36 0.48 7046.48
104.64 887.51 0.46 7508.84
177.23 747.47 0.01 7386.38
117.57 223.46 0.35 7519.88
56.73 669.50 0.46 8054.43
381.40 347.36 0.38 6747.03
385.45 750.40 0.32 6603.56
351.33 820.42 0.25 7674.12
328.80 601.38 0.06 8528.64
269.22 899.37 0.59 7456.40
384.77 797.31 0.38 6977.65
286.65 119.70 0.29 7026.89
311.12 427.93 0.55 6438.39
377.96 688.30 0.10 8648.29
390.58 491.89 0.31 7386.24
226.53 430.71 0.13 7772.04
209.21 530.50 0.02 7533.54
216.32 447.96 0.49 7260.07
205.42 626.81 0.12 6471.01
217.36 589.91 0.16 7059.76
282.18 506.27 0.13 8057.36
394.46 137.31 0.19 8098.86
312.35 231.52 0.01 6438.14
202.76 688.37 0.26 7499.66
360.65 728.88 0.20 6846.54
282.52 17.72 0.50 6722.49
228.43 299.08 0.55 7001.82
399.96 445.50 0.53 7969.91
218.21 314.17 0.43 7312.77
321.83 173.34 0.36 6000.23
575.93 601.68 0.26 7430.41
538.22 29.84 0.16 7075.55
558.88 576.81 0.56 8447.79
508.08 125.34 0.11 7053.10
522.83 515.58 0.21 8066.75
465.69 298.88 0.27 7227.50
468.97 441.83 0.34 7639.32
505.35 125.87 0.24 6496.38
413.69 794.75 0.36 9058.79
466.05 282.10 0.13 5784.85
510.61 6.31 0.16 6873.52
519.90 932.13 0.45 7190.47
478.79 526.90 0.45 7370.13
536.61 512.53 0.13 6174.06
475.07 889.01 0.03 6619.80
516.65 143.78 0.08 6769.42
430.08 432.18 0.47 4945.75
543.47 108.68 0.35 6862.64
561.90 358.78 0.22 7430.22
590.94 386.23 0.24 7466.19
428.21 678.33 0.57 6692.40
434.73 606.64 0.45 6993.69
429.86 393.32 0.04 6133.91
482.29 694.31 0.01 7401.61
453.02 523.99 0.58 5370.16
792.74 852.61 0.26 6862.94
728.54 724.70 0.52 6043.67
621.74 180.91 0.07 6265.35
762.64 986.88 0.53 7563.61
736.75 782.25 0.13 7687.34
681.85 670.42 0.17 8490.10
652.28 496.77 0.06 7692.04
631.83 82.03 0.30 5253.08
735.30 937.63 0.02 5146.52
696.61 144.90 0.20 6908.21
692.40 666.47 0.50 7924.01
795.08 907.74 0.58 6521.89
681.71 658.39 0.42 6957.20
770.16 215.87 0.31 7598.38
716.17 999.95 0.35 6434.27
671.34 558.43 0.37 7550.72
752.75 437.96 0.19 7127.98
741.32 197.81 0.22 6694.22
639.95 249.49 0.42 7208.61
758.59 589.24 0.17 4426.84
634.57 267.80 0.27 6113.89
648.08 885.91 0.33 7761.21
663.39 851.20 0.43 6899.47
735.31 684.41 0.02 7181.18
646.17 960.38 0.08 7523.50
926.16 507.66 0.37 7872.43
855.99 773.49 0.54 7410.19
813.64 932.97 0.12 7832.32
833.97 110.14 0.10 5420.04
804.95 88.90 0.23 4813.66
849.94 788.51 0.29 6225.10
964.15 103.22 0.28 6088.12
930.88 432.57 0.38 6208.14
939.22 85.92 0.22 5940.25
970.66 711.48 0.45 5753.46
956.20 410.10 0.53 6220.21
816.71 998.35 0.06 7391.49
939.34 995.39 0.34 5227.78
841.02 647.12 0.44 5595.82
963.02 288.05 0.27 6878.12
906.34 783.80 0.56 7096.20
890.61 951.69 0.39 6312.51
947.72 98.49 0.06 8394.57
801.45 401.49 0.31 7476.12
877.68 804.56 0.21 8141.26
919.90 902.22 0.17 7236.56
822.39 274.50 0.09 7885.15
944.40 515.05 0.37 7557.59
986.79 259.41 0.24 5967.14
823.29 606.73 0.57 6802.66
