150.44 414.20 0.01 6415.88
96.59 333.98 0.04 6735.66
157.44 44.93 0.37 6530.26
131.15 279.61 0.31 6729.20
140.31 121.15 0.38 6585.83
20.00 582.70 0.27 7215.39
49.01 281.78 0.15 7676.65
182.10 512.32 0.20 7223.29
108.99 344.95 0.11 7733.76
18.66 432.98 0.25 4624.32
162.32 448.14 0.02 6824.86
67.57 331.95 0.38 6564.71
133.92 832.49 0.05 8957.10
20.08 376.39 0.15 8731.68
22.33 857.28 0.14 6587.17
231.10 11.05 0.35 6206.93
323.31 81.06 0.39 5893.39
305.01 765.14 0.13 8779.15
259.24 469.46 0.36 6163.77
290.34 232.44 0.05 7277.15
224.12 520.94 0.24 8175.55
345.96 409.43 0.21 8559.65
286.41 906.53 0.32 7896.95
251.43 200.08 0.38 7385.51
396.98 591.17 0.02 6958.05
247.52 286.39 0.21 6987.43
350.32 943.57 0.02 7989.85
258.13 557.40 0.23 9251.03
221.79 799.76 0.21 7303.20
310.02 60.17 0.23 7220.52
474.17 103.69 0.01 8690.40
538.14 678.30 0.15 7345.09
550.96 894.67 0.03 7794.97
546.78 36.92 0.09 8165.21
580.98 143.41 0.19 7916.77
522.73 223.42 0.22 5592.09
534.92 519.85 0.28 8264.41
481.91 35.75 0.03 5285.99
457.32 467.27 0.24 5800.96
531.66 163.96 0.06 8281.24
478.44 858.81 0.03 7293.88
580.42 531.59 0.05 6930.83
562.09 305.03 0.05 8663.02
577.16 192.81 0.11 6380.02
470.65 749.23 0.37 6441.08
787.10 442.19 0.26 8469.26
690.10 424.03 0.02 7678.96
753.11 848.29 0.38 6193.45
642.65 271.58 0.06 5434.65
715.52 698.94 0.22 8327.75
611.25 748.04 0.36 7879.37
664.72 590.72 0.15 7148.71
675.41 628.93 0.12 6769.32
705.73 369.02 0.06 6710.56
783.23 317.05 0.14 6818.14
784.97 589.86 0.15 5518.85
760.65 251.54 0.22 6314.88
798.33 2.34 0.12 7106.14
603.86 586.14 0.21 7656.77
651.85 445.50 0.30 4960.12
990.66 515.87 0.14 6513.02
813.52 546.55 0.13 7067.74
997.00 501.99 0.37 8401.22
805.48 373.73 0.21 7199.58
903.31 174.54 0.22 7986.62
925.61 985.17 0.10 6935.50
909.27 507.12 0.02 6238.50
859.61 186.57 0.17 7524.63
810.27 833.61 0.36 6488.73
828.09 623.56 0.15 7046.10
954.03 11.69 0.14 6081.49
937.51 196.80 0.04 7499.35
963.50 795.37 0.14 8643.84
935.81 88.58 0.20 6693.53
838.88 894.89 0.07 7271.31
