26.64 606.90 0.06 7065.15
70.38 405.62 0.52 8471.21
82.28 879.45 0.46 5488.81
174.10 213.16 0.52 8122.77
175.57 884.13 0.32 7604.45
194.79 364.17 0.41 7033.38
86.29 650.50 0.06 7595.47
3.00 763.38 0.07 4996.44
77.57 19.76 0.39 6917.07
105.83 997.45 0.45 6267.29
172.01 697.07 0.59 6408.03
124.87 190.35 0.51 6600.86
185.01 291.92 0.13 7259.20
43.80 843.52 0.56 8137.57
148.39 855.73 0.19 8508.16
40.15 747.43 0.33 7805.26
174.56 596.44 0.05 7745.84
125.17 711.31 0.21 5851.81
116.27 409.96 0.57 6389.29
19.44 475.42 0.49 7083.21
190.44 939.37 0.28 7116.81
187.98 408.33 0.52 8327.72
40.80 299.51 0.46 9005.88
9.80 618.42 0.54 7315.93
196.48 832.49 0.28 6610.14
158.52 930.35 0.49 6701.52
21.09 652.05 0.14 8287.77
124.54 263.37 0.36 7188.13
92.13 195.55 0.03 7794.00
41.79 703.48 0.08 7753.88
193.89 764.81 0.11 7862.26
71.59 782.75 0.44 6065.30
75.02 386.37 0.44 9021.64
120.00 883.50 0.56 9037.11
84.91 553.49 0.11 5455.60
218.80 354.74 0.56 6930.27
357.25 911.33 0.47 6251.47
203.82 35.13 0.07 7767.00
261.06 94.68 0.59 7926.69
326.14 741.40 0.24 6936.40
305.47 573.47 0.42 6583.98
395.18 639.89 0.59 8025.59
288.01 471.41 0.51 7092.56
364.61 214.28 0.22 6140.69
391.78 823.79 0.08 7293.82
213.30 230.17 0.30 6622.55
356.86 604.39 0.23 8075.24
399.04 47.96 0.33 7205.60
226.85 94.54 0.20 6155.80
209.56 655.08 0.18 6692.81
356.88 917.69 0.08 5716.00
368.95 902.07 0.46 6693.99
276.51 955.10 0.27 5639.57
293.95 536.68 0.20 7629.51
314.65 52.79 0.52 9380.47
330.02 742.86 0.11 7874.47
312.24 590.27 0.42 7346.79
216.34 146.68 0.53 7157.19
396.40 667.45 0.21 4925.40
313.64 703.73 0.27 8360.53
232.33 347.30 0.14 5954.45
314.69 257.16 0.30 5769.41
340.86 461.46 0.42 5946.37
342.39 260.66 0.09 6916.80
398.53 336.29 0.22 7159.30
343.81 511.17 0.34 7020.24
252.66 803.96 0.36 6039.04
229.31 831.73 0.03 5994.44
205.75 773.90 0.13 7869.02
360.42 436.48 0.58 7127.21
567.72 317.52 0.47 7203.50
544.72 971.47 0.09 6799.38
406.48 443.78 0.57 6933.83
548.43 237.22 0.55 5542.30
450.51 737.97 0.02 7704.40
419.54 436.89 0.08 7270.72
417.06 395.69 0.41 8603.55
543.81 566.98 0.02 7342.79
543.99 144.02 0.22 8016.68
447.68 955.65 0.57 7368.01
428.25 729.19 0.37 8391.25
400.16 498.00 0.59 7552.20
590.96 262.81 0.57 7910.89
509.45 418.35 0.26 6027.45
490.35 704.59 0.16 7341.21
427.41 193.93 0.52 6781.35
408.07 654.11 0.16 5727.62
429.66 200.78 0.36 7275.54
413.46 205.76 0.03 7972.25
429.93 875.01 0.49 5666.38
444.39 281.55 0.49 6596.57
425.64 775.47 0.20 5885.62
491.36 51.45 0.22 6588.29
486.99 292.07 0.09 7563.63
529.63 175.46 0.25 8260.71
458.42 323.68 0.39 7456.42
584.80 172.68 0.51 6627.98
481.02 176.03 0.01 6935.66
415.29 676.36 0.48 6922.04
468.34 873.08 0.49 5773.56
492.63 753.54 0.56 6817.93
589.06 332.91 0.35 7680.67
553.95 272.35 0.03 6017.98
525.54 232.58 0.47 7608.96
412.12 647.64 0.25 7865.03
770.37 58.29 0.50 5707.08
655.76 293.62 0.41 6863.47
662.07 622.64 0.54 6869.00
707.48 93.86 0.50 6238.28
676.16 211.00 0.10 6999.76
610.52 36.78 0.48 6352.91
788.44 375.96 0.42 8091.18
793.17 863.46 0.05 6509.10
772.61 233.50 0.33 5742.07
638.62 780.33 0.49 7561.11
614.53 85.49 0.30 7609.77
658.97 285.89 0.42 6087.73
777.98 257.62 0.24 5653.25
793.38 145.71 0.60 6421.08
668.20 178.34 0.37 6225.27
669.31 39.55 0.51 7608.43
630.09 691.51 0.50 7213.03
697.75 565.83 0.34 8264.48
610.10 750.29 0.03 8352.82
718.95 733.03 0.08 8738.86
655.18 153.87 0.24 6820.88
651.88 353.21 0.06 6951.96
779.92 427.96 0.44 7795.93
634.62 584.32 0.05 7052.92
786.75 917.52 0.54 7047.59
602.50 158.09 0.20 7278.67
608.60 721.80 0.54 7070.07
654.56 426.48 0.25 7727.20
639.70 751.71 0.26 6719.76
605.48 276.78 0.29 7736.24
627.23 357.80 0.29 7632.06
669.88 556.84 0.38 5941.15
672.95 820.78 0.48 6110.94
690.64 819.40 0.11 6071.55
733.59 695.10 0.32 6265.61
825.88 713.71 0.24 6199.55
958.89 745.70 0.31 4316.74
923.75 52.11 0.43 7657.03
861.01 346.58 0.37 7325.95
904.40 186.32 0.46 7239.71
805.39 618.47 0.28 6486.19
803.94 442.77 0.41 6781.64
927.05 828.73 0.52 7195.65
955.94 448.82 0.39 8615.42
820.86 990.13 0.39 7291.56
962.16 868.23 0.34 7516.40
858.82 49.96 0.53 4701.28
943.98 757.20 0.43 7888.59
892.99 876.62 0.30 6438.26
849.76 616.09 0.55 5915.47
912.44 582.91 0.58 6227.40
952.56 668.04 0.22 7573.32
868.52 666.15 0.43 6048.93
840.27 513.23 0.14 7863.31
858.04 770.91 0.31 7494.46
915.18 962.17 0.06 7162.26
819.66 120.70 0.23 6944.64
893.33 861.69 0.14 7808.54
806.32 893.43 0.20 7896.88
883.75 23.00 0.06 6625.51
886.77 437.61 0.33 7528.84
821.07 367.76 0.29 7902.35
909.13 990.21 0.11 4123.04
901.26 864.36 0.14 7334.70
815.77 141.64 0.02 7798.32
826.21 673.92 0.50 5807.80
813.61 805.53 0.45 8466.08
993.80 862.19 0.27 7713.65
831.59 27.06 0.11 8371.30
930.39 703.25 0.58 7858.34
