106.80 365.99 0.09 7755.20
51.34 510.14 0.29 9411.18
39.25 632.21 0.22 5454.56
127.82 125.68 0.07 7236.19
37.22 317.09 0.14 6033.29
373.33 854.51 0.03 5658.87
210.15 933.22 0.30 6518.87
338.60 638.14 0.16 7241.33
308.99 38.49 0.20 8247.73
369.83 285.59 0.09 5846.99
490.64 322.26 0.36 8566.50
461.55 627.53 0.23 5394.84
514.97 190.29 0.04 6863.33
400.16 288.22 0.35 7745.85
542.72 284.65 0.00 6968.80
707.53 564.47 0.36 9413.66
715.54 795.68 0.39 7391.63
664.34 944.27 0.25 6302.20
798.61 174.61 0.02 7317.55
728.28 649.85 0.14 8003.06
909.55 63.76 0.08 8544.22
810.05 818.46 0.12 7872.77
865.35 273.64 0.24 6414.86
969.50 24.43 0.17 7745.41
958.99 462.92 0.36 6240.55
