61.35 238.00 0.22 6138.97
25.84 585.19 0.12 6443.30
190.45 558.03 0.20 6739.77
95.42 123.34 0.14 8404.25
199.32 958.98 0.25 4249.02
195.02 195.53 0.35 5663.19
120.49 601.84 0.22 7598.27
26.24 501.23 0.15 7791.98
115.98 161.88 0.20 7939.60
136.90 44.57 0.06 6650.79
292.99 754.74 0.23 7485.21
254.92 638.70 0.24 7024.90
230.23 438.73 0.18 6122.01
258.19 637.24 0.36 7456.54
201.00 235.02 0.34 7721.23
297.19 713.20 0.35 6148.06
383.41 277.25 0.30 5495.64
268.51 626.68 0.15 6889.58
213.20 923.23 0.21 5583.68
368.72 757.81 0.04 6713.52
560.11 739.88 0.36 6476.08
526.00 936.80 0.11 7305.23
498.33 279.60 0.37 7051.93
419.85 546.18 0.04 7143.40
541.79 808.50 0.40 7891.88
564.31 671.27 0.19 7484.11
578.88 209.77 0.22 8299.33
549.07 338.38 0.17 7881.87
526.61 408.66 0.16 5099.06
458.72 479.38 0.16 6553.11
769.24 654.80 0.15 5294.41
722.91 134.13 0.29 7632.32
636.03 778.72 0.16 6740.60
737.94 259.62 0.40 7307.65
634.46 7.10 0.03 8665.47
730.66 564.58 0.34 6938.71
715.20 841.37 0.36 6187.92
623.10 731.74 0.10 7712.35
778.62 103.94 0.23 7844.73
627.72 634.28 0.27 7012.94
874.27 886.96 0.12 6783.22
901.77 293.52 0.26 7713.37
954.57 263.49 0.14 6308.73
955.45 887.51 0.38 7162.41
900.71 376.58 0.32 5373.52
914.28 769.28 0.13 8847.44
942.22 381.75 0.27 8729.55
910.01 105.48 0.40 6107.09
868.68 791.93 0.17 7884.17
826.65 616.37 0.15 7441.07
