72.99 116.59 0.29 5387.40
86.06 378.00 0.56 7044.84
62.19 500.15 0.26 6779.13
110.57 773.52 0.47 6861.68
81.34 237.81 0.55 5764.44
60.68 163.89 0.51 7059.02
43.80 83.86 0.05 7379.44
70.32 229.58 0.17 7692.15
191.09 402.28 0.56 6728.11
95.07 275.83 0.14 7989.62
95.08 957.11 0.56 7308.41
194.49 471.25 0.54 6097.35
174.76 463.03 0.38 7354.85
191.69 209.40 0.42 6228.94
103.36 594.97 0.05 5629.46
93.75 486.09 0.57 7454.41
172.20 340.64 0.30 6594.85
113.00 118.30 0.45 5739.78
5.81 348.64 0.02 7417.84
119.59 483.28 0.33 7701.17
234.88 288.70 0.05 8297.03
375.41 114.14 0.19 8620.14
226.94 593.02 0.53 5160.01
385.82 622.76 0.11 7125.84
353.62 411.61 0.07 5817.36
267.89 694.14 0.44 7225.17
230.39 202.34 0.26 7197.14
356.54 100.50 0.32 6485.33
393.81 209.70 0.45 6436.28
238.68 310.73 0.31 6686.16
322.60 453.73 0.20 6087.84
239.91 569.40 0.03 4884.73
392.26 857.52 0.46 4994.67
353.60 980.80 0.15 5584.54
324.03 455.47 0.10 5460.63
313.89 82.88 0.44 6655.46
223.86 756.27 0.07 5092.20
325.72 459.32 0.34 8380.65
334.88 840.93 0.56 6702.78
248.60 98.93 0.06 8180.42
458.93 570.86 0.37 4605.62
541.67 129.74 0.01 6505.45
479.91 320.11 0.05 7030.35
525.21 798.28 0.31 8151.34
417.06 373.36 0.34 7746.27
480.08 728.45 0.54 5922.63
513.70 785.91 0.44 7247.73
450.46 56.89 0.05 6805.32
421.65 855.72 0.07 6178.80
512.96 933.05 0.50 7457.96
587.80 80.66 0.52 7713.52
489.87 457.41 0.12 6333.14
504.94 633.67 0.24 7259.04
549.94 469.73 0.39 8205.68
572.27 957.01 0.37 8033.67
502.36 462.40 0.44 7327.23
482.84 200.92 0.16 6374.08
559.49 661.76 0.03 8300.35
519.53 61.75 0.49 7389.32
400.93 586.29 0.25 7575.18
795.98 773.62 0.44 6026.31
766.03 759.38 0.27 5155.92
628.04 822.55 0.16 7306.41
736.41 438.31 0.25 7164.14
782.41 46.99 0.41 7622.23
749.50 485.83 0.19 8074.87
728.05 489.67 0.07 6658.79
635.31 533.07 0.16 7242.08
601.39 141.33 0.39 6515.65
668.89 74.03 0.22 6048.00
746.80 231.43 0.05 6761.07
705.68 569.56 0.44 7599.11
656.07 339.74 0.16 7247.85
608.43 69.52 0.42 6423.37
765.38 674.55 0.23 8761.07
751.49 23.09 0.02 7625.43
710.56 699.13 0.57 7242.49
747.68 817.83 0.15 7088.19
602.30 162.46 0.26 6046.56
763.53 651.58 0.10 6376.61
818.11 660.91 0.31 9765.51
848.48 332.03 0.33 6212.71
958.37 941.90 0.35 6736.98
900.15 744.68 0.27 7352.91
853.40 335.62 0.58 5444.55
992.88 588.89 0.15 6522.13
897.62 295.07 0.37 7025.22
997.76 389.24 0.11 6062.61
931.06 397.18 0.23 6781.82
957.04 680.92 0.58 8555.74
890.02 438.07 0.28 4753.95
970.76 228.27 0.53 6139.94
883.84 788.55 0.07 7818.62
915.02 216.80 0.09 5419.02
834.95 971.59 0.37 7188.27
842.69 784.65 0.47 7009.22
811.47 114.94 0.10 6771.06
851.81 504.81 0.32 6707.77
881.03 652.54 0.27 6463.04
851.11 499.79 0.24 6187.47
