9.93 64.53 0.13 8432.19
35.76 723.09 0.23 7236.05
90.28 438.05 0.58 7862.70
181.11 133.18 0.37 7049.65
67.82 514.71 0.22 6417.92
131.65 839.06 0.53 7768.28
199.96 638.82 0.41 7533.13
175.74 803.09 0.10 7152.36
123.69 859.57 0.36 7505.40
45.18 685.69 0.56 4758.58
99.23 679.39 0.18 7220.69
44.58 189.85 0.10 8037.27
53.21 554.67 0.60 8057.68
131.31 206.27 0.42 6680.90
130.67 467.38 0.07 7905.49
35.82 866.11 0.57 6380.32
81.55 139.02 0.21 8311.81
140.50 249.29 0.17 7627.78
89.26 153.51 0.42 7214.02
2.60 418.76 0.35 7209.10
93.11 217.21 0.54 7788.93
70.41 224.13 0.02 6745.77
1.61 832.46 0.20 6459.40
104.44 366.31 0.19 7686.54
73.28 995.68 0.57 5395.03
21.39 173.55 0.35 9212.05
46.16 113.29 0.22 6747.12
163.88 913.36 0.30 5818.49
181.72 513.54 0.38 7560.94
174.64 930.28 0.49 6443.69
194.76 530.79 0.45 8099.05
61.20 520.25 0.53 6588.77
62.02 451.81 0.27 6923.18
17.45 375.06 0.34 6630.98
61.86 530.71 0.17 8155.35
112.33 724.43 0.20 6688.65
35.37 279.15 0.19 5559.26
189.27 252.98 0.34 7657.64
51.13 684.71 0.27 6078.17
42.32 791.31 0.52 7634.20
332.64 815.10 0.02 7031.25
262.06 873.79 0.60 7152.89
384.92 21.28 0.43 6929.84
356.77 801.33 0.50 6806.91
269.96 116.09 0.41 5711.21
379.58 143.56 0.39 7191.43
395.92 574.37 0.11 5692.08
234.68 732.14 0.04 6463.93
330.16 841.02 0.29 7334.34
354.32 605.53 0.41 6637.11
241.39 140.98 0.08 7006.80
295.59 855.52 0.31 7814.15
299.54 725.88 0.41 6188.77
371.99 532.19 0.44 5118.20
233.06 445.21 0.06 8018.27
252.86 497.78 0.15 7838.16
375.73 822.31 0.29 6154.19
273.96 668.82 0.15 7143.09
393.31 227.93 0.44 6583.30
314.61 939.77 0.49 8624.93
303.31 627.35 0.21 7446.09
337.75 963.93 0.11 7485.35
362.53 954.54 0.53 6342.55
395.57 208.38 0.05 7877.80
372.29 87.50 0.47 7310.02
274.00 643.44 0.19 7455.25
260.50 150.51 0.12 8101.88
218.42 491.87 0.39 7805.51
291.70 260.18 0.33 6794.05
238.56 128.59 0.15 6183.93
342.96 605.46 0.18 6766.71
375.03 224.95 0.58 5806.54
271.59 261.82 0.25 5802.80
350.44 709.39 0.11 8079.45
252.23 573.56 0.24 5207.84
382.30 181.21 0.25 9519.02
275.49 591.54 0.11 6719.21
365.46 664.04 0.38 6561.16
322.07 117.41 0.35 8124.40
328.80 313.73 0.39 8294.26
474.87 522.01 0.56 8005.34
571.52 277.72 0.30 6597.53
405.85 375.74 0.55 6632.40
452.27 238.03 0.48 6486.31
538.57 37.52 0.49 6108.87
471.92 992.88 0.07 8491.39
594.79 55.24 0.32 7683.69
405.16 676.40 0.32 6773.84
465.54 212.88 0.24 9450.75
511.87 813.20 0.29 8412.80
587.41 845.98 0.57 6508.37
567.42 777.52 0.29 6887.94
449.79 884.66 0.38 5256.16
546.33 157.74 0.50 6559.51
573.28 884.26 0.08 7092.11
510.61 620.73 0.43 8198.69
574.62 663.50 0.50 5207.83
458.56 794.27 0.36 7227.79
520.75 201.75 0.23 7489.08
523.50 767.55 0.08 6597.80
411.25 90.62 0.56 6172.97
553.05 695.44 0.06 6707.53
429.87 520.44 0.58 8179.71
488.44 728.77 0.32 6766.43
463.14 490.72 0.05 7636.06
538.55 61.71 0.60 7546.04
534.31 447.24 0.54 7372.96
549.71 445.09 0.03 8730.30
483.21 77.02 0.38 6692.39
456.44 731.68 0.04 7926.23
461.54 350.53 0.19 8162.65
538.34 743.99 0.54 6056.66
563.09 971.82 0.17 5909.62
448.07 861.15 0.44 5966.30
469.29 385.77 0.17 4850.39
553.46 93.80 0.37 7823.17
583.32 637.96 0.06 8231.96
569.12 114.80 0.01 6096.53
473.58 239.67 0.16 9029.35
591.39 881.92 0.38 7370.33
777.24 722.54 0.11 8406.23
727.80 166.87 0.47 6169.56
779.04 873.42 0.30 5624.56
680.59 904.80 0.12 7319.23
721.84 634.76 0.03 7476.06
703.02 223.00 0.22 4715.15
613.60 626.05 0.58 6329.44
760.44 338.94 0.12 8578.25
727.96 41.67 0.01 5933.77
680.29 754.33 0.50 6708.66
685.92 707.18 0.05 5768.96
671.45 679.87 0.43 6468.03
737.62 402.86 0.08 8012.63
722.86 602.54 0.30 6678.81
674.83 961.54 0.31 6138.41
792.11 901.19 0.58 7881.60
797.39 922.43 0.34 7290.32
639.58 713.77 0.31 6392.09
633.36 170.21 0.13 6550.54
605.28 154.92 0.42 6933.26
643.23 403.65 0.05 9227.85
626.61 731.42 0.55 6355.28
791.25 811.89 0.55 6371.77
730.50 74.81 0.32 7879.46
724.45 765.45 0.43 6024.76
706.98 133.80 0.35 6398.27
752.87 941.65 0.59 4719.94
615.46 345.53 0.37 7172.34
636.87 842.03 0.26 7241.71
706.47 543.57 0.39 8993.20
619.37 123.81 0.24 6677.09
626.96 463.12 0.31 7837.11
730.77 721.71 0.11 8819.16
720.23 759.38 0.36 7529.51
665.82 956.66 0.51 7748.82
718.39 348.10 0.55 6942.87
629.04 183.21 0.30 6222.63
771.97 293.67 0.21 7456.05
668.70 828.08 0.18 7538.51
732.32 973.13 0.51 7732.17
918.83 85.04 0.09 7975.21
971.45 772.18 0.17 6595.34
901.01 464.51 0.48 8076.90
910.12 890.24 0.55 7345.66
960.82 30.69 0.12 7295.41
809.09 737.05 0.18 6471.51
810.65 988.05 0.53 7613.14
899.03 518.89 0.13 6253.79
872.70 606.96 0.58 6081.96
962.22 78.12 0.36 6378.44
926.97 716.37 0.53 7363.22
921.78 131.51 0.52 6530.76
957.94 477.54 0.19 7809.73
913.98 518.01 0.07 8221.63
956.67 69.82 0.17 6286.87
818.15 798.32 0.10 7840.04
997.54 693.41 0.31 7485.03
992.93 438.78 0.09 6424.87
966.61 600.39 0.04 6817.37
936.85 406.79 0.15 8516.31
902.28 774.98 0.01 4827.84
960.78 658.16 0.22 4790.79
986.85 232.35 0.01 5298.67
829.98 992.57 0.57 6571.61
808.21 548.11 0.23 7448.18
835.97 131.80 0.46 5569.05
982.86 855.74 0.47 7754.05
884.51 237.83 0.55 7794.24
974.59 756.33 0.46 7631.37
840.29 326.16 0.26 7704.61
961.42 988.33 0.22 6760.03
835.79 769.50 0.16 6673.49
844.60 880.98 0.24 6614.67
869.78 746.69 0.47 7390.44
990.68 862.17 0.33 6394.56
836.66 631.32 0.34 7072.22
943.20 265.08 0.38 8513.01
888.04 478.42 0.56 6937.84
963.12 188.94 0.41 5957.21
875.28 207.40 0.27 6651.14
