110.53 433.65 0.44 6020.24
163.00 534.43 0.10 1078.81
22.56 657.94 0.36 1350.78
103.36 159.24 0.42 5781.34
61.95 803.31 0.10 1452.29
87.55 221.88 0.54 7459.65
177.60 846.90 0.58 6641.90
138.33 323.25 0.51 10239.62
104.74 808.25 0.47 4221.74
121.05 227.78 0.07 2979.54
166.11 61.46 0.30 10765.14
23.87 138.17 0.27 4068.43
188.77 668.07 0.24 6879.26
10.37 348.62 0.34 2369.12
86.53 570.93 0.59 10286.42
150.73 825.50 0.53 672.82
169.63 631.48 0.59 5704.43
107.85 668.97 0.48 10165.36
37.23 955.13 0.37 7122.69
16.54 872.13 0.24 6467.16
269.60 868.87 0.38 1366.59
370.17 465.51 0.46 1759.52
315.09 109.49 0.31 9872.52
225.08 569.93 0.01 5182.14
232.85 364.41 0.56 4740.63
367.33 347.54 0.12 8130.68
261.14 572.40 0.37 7301.04
231.70 825.47 0.32 3091.06
322.70 377.01 0.05 6799.86
354.14 492.62 0.46 7723.14
204.33 877.14 0.06 1040.35
253.59 216.43 0.49 9216.87
271.13 814.04 0.19 10690.70
219.63 938.66 0.29 2904.89
205.20 252.36 0.32 10678.11
396.27 695.93 0.49 2158.51
376.50 584.73 0.42 3918.16
265.42 626.42 0.30 2490.61
393.32 513.99 0.43 6454.28
245.81 75.42 0.21 3586.77
596.86 787.86 0.13 4878.39
548.40 972.48 0.40 9870.78
526.97 543.41 0.22 2042.28
586.64 792.96 0.54 10008.51
580.72 865.61 0.41 2414.39
557.92 617.12 0.38 9686.25
514.92 701.02 0.39 7283.72
587.30 36.89 0.56 10148.33
540.95 16.01 0.30 10307.02
445.74 951.63 0.32 9988.14
514.53 407.97 0.07 9628.62
560.57 822.31 0.07 5401.42
492.78 465.99 0.19 5784.16
538.45 498.90 0.17 4903.92
500.46 81.96 0.46 7422.87
569.57 63.45 0.36 6790.41
498.86 861.56 0.26 5459.22
582.16 942.41 0.42 1073.58
424.82 374.39 0.23 7416.33
431.50 587.31 0.45 3615.00
773.39 552.91 0.28 1350.50
661.30 981.88 0.19 1755.04
748.03 222.24 0.54 5568.08
773.86 504.46 0.37 8677.29
674.67 738.69 0.07 3511.16
698.12 97.77 0.22 4679.25
718.33 506.59 0.12 1835.66
628.10 529.08 0.37 8355.56
699.33 31.71 0.19 5031.58
643.14 954.13 0.07 6119.21
741.29 874.41 0.46 8816.63
687.64 586.98 0.39 7807.54
728.39 861.51 0.49 6981.16
656.58 432.60 0.54 3555.11
772.68 627.65 0.47 7365.45
679.27 683.20 0.37 2414.00
696.48 391.17 0.56 2425.76
606.71 716.54 0.40 4954.55
728.51 255.79 0.04 2855.47
693.76 577.00 0.59 2891.68
847.06 654.84 0.41 1681.55
875.33 163.86 0.36 4753.13
949.95 340.81 0.13 7704.34
958.35 17.96 0.53 9542.84
847.34 495.04 0.16 2985.92
954.91 725.72 0.11 5370.49
887.45 704.10 0.28 4353.20
840.31 789.71 0.54 9494.67
981.40 282.61 0.44 7717.78
917.86 953.83 0.19 1569.12
988.58 144.76 0.42 5041.18
969.59 986.10 0.21 9539.86
946.10 96.49 0.17 10423.91
824.65 784.82 0.59 4432.93
970.76 75.83 0.42 6803.81
974.21 785.31 0.16 2478.57
844.20 457.17 0.24 4043.87
907.66 518.33 0.22 9874.42
944.58 396.06 0.31 4545.20
966.49 822.11 0.05 4625.34
