6.85 332.87 0.42 6807.03
168.53 189.84 0.25 9813.64
34.88 47.72 0.19 10702.06
141.96 759.44 0.48 9503.56
160.09 704.57 0.45 2248.95
90.99 755.68 0.30 10428.71
45.19 694.85 0.11 2836.33
54.49 809.24 0.20 7956.11
167.62 892.24 0.13 9824.03
196.55 678.09 0.47 2838.79
12.83 337.07 0.52 4151.06
95.34 703.70 0.54 3497.65
129.53 256.69 0.15 6113.82
0.78 34.42 0.42 5214.39
108.34 911.66 0.17 10774.04
179.93 174.82 0.55 972.21
78.14 387.59 0.45 3692.95
148.30 55.53 0.57 9875.66
118.46 159.15 0.30 9807.51
43.78 113.15 0.27 2587.79
87.78 645.53 0.03 4543.20
86.06 940.09 0.40 2362.39
112.86 816.94 0.17 10570.38
6.42 402.87 0.35 7974.82
152.36 999.59 0.56 1251.96
146.04 486.23 0.19 3575.26
26.62 242.89 0.28 739.40
142.17 208.58 0.24 2122.84
198.35 550.35 0.08 7885.27
124.94 323.90 0.26 5099.05
122.06 84.29 0.26 4436.56
120.38 388.11 0.29 3601.34
159.86 519.41 0.39 8050.47
117.39 722.23 0.16 4196.62
166.26 127.62 0.16 1605.87
140.28 654.66 0.26 2361.40
112.58 22.82 0.46 1375.05
50.47 304.20 0.57 6522.01
24.16 631.62 0.35 10358.77
91.90 710.91 0.53 10115.08
304.51 662.71 0.39 3199.58
368.18 693.08 0.45 6321.57
343.75 394.05 0.30 1606.64
390.33 195.95 0.53 7439.77
396.63 262.05 0.02 3993.70
309.29 375.55 0.21 4593.66
375.81 32.06 0.46 10534.84
374.71 753.88 0.39 3805.77
294.28 282.05 0.59 5595.08
228.11 345.21 0.53 4690.48
328.52 649.58 0.09 10307.27
251.18 488.66 0.32 8291.69
309.23 281.16 0.16 9460.21
222.57 226.10 0.27 1279.45
330.02 958.64 0.27 8177.51
228.16 464.13 0.39 6357.99
389.61 613.37 0.29 9378.41
374.77 14.81 0.30 4546.71
398.26 882.41 0.51 943.24
369.78 785.70 0.16 3267.95
356.53 312.84 0.02 5646.66
323.57 131.08 0.08 7902.74
254.89 680.13 0.32 9328.84
349.68 201.18 0.29 3543.41
380.33 75.14 0.26 4525.34
273.04 579.91 0.22 10770.43
316.81 294.88 0.53 9189.72
260.21 87.60 0.32 766.80
270.88 417.24 0.26 4704.37
326.05 938.03 0.46 2865.21
227.18 200.55 0.56 4318.57
220.90 647.88 0.30 5000.23
331.54 842.10 0.26 4166.99
276.04 323.95 0.25 1574.69
247.64 736.99 0.19 3946.66
375.77 204.12 0.06 6309.66
356.52 887.75 0.41 2069.06
305.34 438.36 0.42 6796.26
268.93 228.81 0.09 8155.60
286.29 150.04 0.52 9425.61
440.85 725.67 0.55 6067.01
519.24 383.53 0.38 10627.53
531.34 122.14 0.33 4881.15
404.94 232.41 0.08 9509.43
433.94 33.73 0.20 4069.63
541.12 364.89 0.18 3431.23
510.22 471.44 0.45 1876.67
419.54 223.90 0.28 7357.53
482.98 562.00 0.32 2129.56
456.34 470.42 0.60 7379.11
491.24 919.98 0.14 5991.99
423.28 317.06 0.03 4490.11
478.50 693.57 0.33 8503.34
574.80 409.66 0.14 7169.07
412.10 777.14 0.06 9805.24
452.64 909.16 0.05 6547.68
576.96 796.18 0.43 4929.73
501.89 634.46 0.05 4118.09
436.31 331.33 0.15 10358.78
576.40 445.72 0.38 3044.27
469.29 843.20 0.49 9042.67
518.40 553.55 0.39 8587.01
494.17 956.22 0.34 1502.54
424.03 312.15 0.42 3722.43
578.11 434.51 0.23 5128.83
487.00 271.53 0.05 3975.90
428.10 898.52 0.41 3930.22
559.42 674.47 0.28 8187.47
530.56 102.41 0.42 9513.67
523.79 680.30 0.19 4158.88
451.37 173.65 0.06 1028.40
464.94 202.94 0.22 8234.16
467.41 162.21 0.53 1604.83
591.14 76.70 0.49 2531.33
466.00 347.22 0.45 3705.72
412.76 579.45 0.06 8520.33
567.92 443.69 0.23 4739.99
502.80 135.17 0.36 5190.71
431.71 902.07 0.41 10635.40
473.52 647.44 0.60 5299.68
626.52 288.72 0.50 7525.74
726.71 501.43 0.09 1900.12
669.07 789.89 0.23 3728.83
770.69 141.16 0.26 9666.23
771.02 273.01 0.33 4892.12
643.55 218.92 0.39 9220.45
767.02 571.25 0.57 938.17
633.94 684.45 0.11 2713.61
621.96 60.05 0.40 3652.34
657.01 555.29 0.21 705.47
794.54 80.77 0.53 1495.92
746.76 905.13 0.32 6422.20
798.01 692.66 0.10 4662.57
797.71 514.15 0.15 8151.87
734.03 544.27 0.27 2043.70
743.49 705.36 0.48 4596.67
735.09 855.22 0.32 8792.58
674.07 282.08 0.53 1568.57
780.25 221.56 0.26 5580.09
737.32 582.69 0.51 10213.67
677.96 90.10 0.03 9278.17
704.72 917.26 0.43 5508.50
749.80 669.62 0.33 4058.93
704.14 341.96 0.35 6164.39
703.58 59.09 0.36 10310.75
644.18 189.42 0.31 8866.60
714.25 441.01 0.34 2407.32
698.61 427.84 0.43 6572.07
701.50 116.11 0.40 8157.30
601.67 769.88 0.57 1983.57
603.18 868.65 0.49 5200.80
615.24 983.11 0.32 1617.10
755.24 571.04 0.40 9390.10
783.28 260.49 0.38 2833.68
709.31 814.78 0.33 3637.84
741.80 765.46 0.15 7351.63
661.19 804.91 0.51 10720.47
629.43 28.39 0.31 2157.45
695.59 756.29 0.39 8918.25
603.11 299.55 0.26 10322.83
824.52 166.65 0.43 5242.61
847.65 691.79 0.21 8596.91
920.36 57.33 0.54 3183.70
950.65 745.11 0.29 4350.33
802.18 550.81 0.22 4401.36
930.93 302.33 0.11 2104.17
823.04 498.42 0.27 6670.67
805.28 396.41 0.37 1250.37
995.81 279.87 0.51 8158.91
947.54 686.54 0.12 8378.79
865.45 381.47 0.33 9786.99
903.41 871.53 0.12 7426.81
825.63 254.26 0.05 6130.70
865.00 162.14 0.18 3510.95
801.20 977.63 0.41 9872.31
986.65 753.22 0.03 6173.77
861.21 266.86 0.21 1469.81
859.67 545.53 0.40 8361.25
956.28 932.00 0.17 7621.20
899.57 574.18 0.13 4252.86
855.63 199.19 0.29 2438.49
972.04 824.07 0.24 10529.01
890.64 847.71 0.30 9599.39
872.17 650.68 0.12 915.98
954.31 487.75 0.48 3424.89
812.65 283.17 0.26 8600.29
898.75 768.33 0.01 8002.07
834.23 989.46 0.31 2759.10
819.80 754.55 0.31 8568.49
954.45 545.68 0.33 8520.78
943.24 246.65 0.32 928.23
829.04 916.42 0.39 4469.09
979.92 268.57 0.14 1220.61
844.39 28.15 0.41 2154.00
930.52 625.40 0.50 735.13
912.57 519.02 0.20 1642.40
969.63 619.58 0.31 6880.59
888.18 483.04 0.27 9762.97
921.86 473.94 0.60 3473.01
979.85 677.35 0.41 3443.17
