54.79 762.66 0.03 3704.54
148.11 9.61 0.05 7095.51
145.89 908.99 0.29 6598.00
29.64 937.54 0.44 3565.92
74.05 145.21 0.39 677.79
88.20 214.04 0.28 9608.22
151.60 362.26 0.05 1270.55
154.40 474.21 0.53 4716.87
34.88 900.46 0.39 10250.17
11.70 122.41 0.57 10462.49
64.00 828.36 0.15 7157.42
132.95 173.92 0.11 3466.30
167.88 381.03 0.13 3140.63
50.56 0.78 0.06 10189.99
132.81 306.43 0.27 841.06
21.73 673.44 0.54 9486.52
135.15 237.78 0.35 3668.36
191.81 940.26 0.24 1912.68
67.59 404.23 0.33 8356.27
91.51 531.94 0.36 7775.49
175.89 52.92 0.20 9171.86
115.83 438.65 0.59 8228.66
87.58 286.31 0.33 6379.77
10.71 882.45 0.22 1299.88
86.58 516.10 0.46 6865.05
11.67 151.75 0.02 3404.30
88.15 371.82 0.53 10599.94
160.05 246.76 0.60 3106.11
192.60 973.63 0.05 6121.70
45.66 808.91 0.45 4519.82
29.22 111.44 0.23 3679.40
156.57 545.95 0.45 6027.96
119.84 350.85 0.09 6132.68
122.74 549.44 0.09 1467.25
177.47 622.51 0.18 8985.77
257.77 626.59 0.20 5437.06
261.19 726.38 0.40 6197.47
209.07 236.49 0.53 10135.84
363.88 195.82 0.04 6136.49
371.96 176.73 0.38 3399.34
256.10 467.64 0.27 7908.31
303.60 774.67 0.42 7572.19
373.31 287.09 0.38 8193.81
288.13 797.82 0.38 7489.60
343.06 398.58 0.08 4146.05
220.14 793.32 0.33 7119.18
363.97 212.08 0.40 10701.40
240.69 690.08 0.39 8591.48
225.53 574.29 0.32 4332.25
253.98 227.52 0.14 6970.45
255.07 86.37 0.31 660.71
240.33 703.87 0.10 1491.40
277.24 108.04 0.12 1484.20
285.13 875.24 0.22 2988.86
348.44 271.20 0.38 2628.65
328.86 133.38 0.38 5882.09
292.17 13.39 0.27 10372.57
281.10 940.83 0.52 7252.40
394.54 420.64 0.20 8433.54
237.69 512.99 0.35 9762.10
253.51 477.75 0.32 5472.80
346.81 167.23 0.22 8177.34
368.06 734.06 0.33 2763.71
214.87 366.95 0.43 1761.02
213.89 649.37 0.17 2134.61
321.77 737.37 0.37 5046.29
231.34 71.84 0.58 8321.05
319.62 220.83 0.32 3489.91
224.76 65.61 0.46 10624.26
390.43 996.32 0.49 7997.85
428.81 929.70 0.52 7781.74
563.51 184.23 0.14 5801.91
400.98 150.17 0.55 3775.23
555.21 505.81 0.42 9710.57
455.48 659.15 0.52 1023.05
582.70 470.36 0.55 10417.68
402.45 586.87 0.17 8848.53
472.20 172.64 0.47 7389.18
552.46 612.24 0.51 1034.97
559.07 200.20 0.21 4985.84
540.96 12.12 0.09 1741.99
428.60 293.35 0.58 2558.20
410.16 508.56 0.08 2413.80
458.53 237.09 0.09 7120.44
415.41 871.94 0.17 874.87
576.52 376.49 0.30 2176.24
476.28 234.55 0.49 8263.75
512.68 817.37 0.40 2075.41
563.19 71.63 0.01 2664.31
456.62 877.81 0.18 5307.94
499.32 344.33 0.08 2856.91
476.18 875.22 0.51 2050.09
471.78 146.23 0.24 1740.87
457.86 68.33 0.41 9604.69
437.16 313.51 0.51 7708.55
430.98 495.67 0.50 8176.91
406.19 965.60 0.54 6636.95
429.29 630.05 0.48 4433.85
489.95 401.95 0.59 9913.53
589.21 548.97 0.20 1220.64
483.50 852.13 0.16 1321.02
513.36 403.44 0.08 10730.42
546.75 910.53 0.19 2595.13
432.03 195.66 0.55 10430.31
567.01 434.58 0.15 5284.73
630.72 91.45 0.09 9964.31
703.38 518.88 0.23 3810.16
783.17 630.52 0.26 5946.44
763.11 554.79 0.21 8051.75
676.67 271.10 0.55 9088.09
787.68 989.73 0.16 6104.67
643.77 712.31 0.34 7706.25
657.95 814.65 0.17 9568.74
647.24 381.30 0.38 1375.28
628.65 11.36 0.13 8288.43
774.12 369.45 0.29 1394.24
721.78 410.99 0.36 1273.89
734.67 764.07 0.55 5289.42
647.84 410.25 0.51 6751.54
604.00 451.96 0.33 3478.82
638.31 53.20 0.17 9891.74
678.85 955.81 0.34 6882.66
688.96 573.10 0.56 9918.76
702.06 328.41 0.36 7794.97
703.81 564.82 0.48 6288.70
638.59 303.85 0.19 7697.28
740.84 317.15 0.52 10570.65
602.55 375.01 0.09 3345.52
798.58 29.26 0.02 8078.20
658.77 911.73 0.11 3508.19
620.96 278.16 0.13 5081.10
783.64 390.00 0.45 980.68
738.43 131.19 0.36 7934.06
636.07 841.39 0.49 7151.45
714.10 994.09 0.08 8463.57
788.29 664.70 0.05 6567.49
790.03 545.54 0.33 6155.40
614.80 987.52 0.45 3715.98
672.57 763.49 0.56 2990.15
617.71 873.83 0.21 7881.52
871.10 695.68 0.34 8220.17
839.01 732.81 0.31 3471.84
952.86 354.93 0.26 10431.67
814.32 688.74 0.13 1162.88
854.82 78.08 0.18 9814.31
842.18 402.37 0.31 9055.93
917.90 968.56 0.29 6546.53
891.40 650.98 0.48 2318.10
928.26 119.00 0.11 2763.05
855.41 220.10 0.43 3080.24
937.10 545.20 0.42 8718.75
916.55 337.23 0.20 5208.44
833.57 646.10 0.22 5950.51
861.81 552.19 0.52 2382.92
910.70 782.26 0.30 2122.55
900.35 64.74 0.19 6691.88
853.23 772.83 0.09 3831.93
970.14 383.17 0.07 6595.59
985.45 447.35 0.26 2647.03
827.35 148.63 0.44 6081.10
888.03 646.40 0.53 3966.78
942.93 583.43 0.58 10577.45
873.39 50.52 0.12 5931.77
879.25 368.08 0.55 904.38
966.13 741.76 0.51 4589.32
842.72 625.15 0.39 9974.06
858.39 871.54 0.58 6465.22
942.33 753.96 0.24 6533.73
934.04 199.31 0.11 8448.33
994.00 221.75 0.34 10657.80
944.96 977.98 0.50 2235.61
898.74 524.99 0.40 1591.09
942.65 847.68 0.30 6104.12
878.78 90.79 0.42 4749.99
882.99 324.37 0.19 8070.70
