18.12 482.95 0.17 4810.46
160.35 502.43 0.03 3343.22
30.99 923.09 0.31 6873.33
131.36 6.66 0.42 5863.01
115.11 353.12 0.41 6526.62
100.32 933.86 0.16 7351.37
37.28 817.68 0.45 6314.89
23.85 247.65 0.10 8708.17
12.54 880.45 0.22 4389.02
77.55 784.32 0.42 7875.62
88.33 907.06 0.51 4716.39
69.55 906.96 0.51 10349.74
132.19 530.34 0.25 9515.32
185.60 197.05 0.57 2923.59
113.32 812.20 0.10 6260.80
81.99 248.89 0.50 9447.79
93.88 819.26 0.19 5497.66
76.32 407.21 0.56 10577.98
133.45 596.61 0.51 2823.63
45.82 966.44 0.49 9750.69
89.09 577.14 0.27 3016.31
92.99 275.91 0.10 5331.07
194.75 951.87 0.54 9120.56
56.29 543.50 0.05 8106.92
120.51 432.72 0.59 7847.98
274.56 845.56 0.19 9655.26
285.60 751.72 0.58 837.33
212.12 594.02 0.50 4618.71
382.03 537.77 0.23 1572.50
291.55 721.73 0.31 1136.48
298.44 884.22 0.58 3570.57
342.26 744.86 0.22 4577.64
382.97 195.74 0.09 6798.14
380.50 345.50 0.40 3865.51
365.83 763.34 0.28 8698.86
302.22 214.06 0.14 6280.52
292.91 21.53 0.10 2746.08
363.02 216.75 0.44 8672.73
243.94 289.64 0.34 1945.21
334.44 806.74 0.11 8735.91
286.28 391.77 0.53 3194.87
254.77 547.23 0.46 3730.85
243.01 222.06 0.21 9518.81
358.41 983.77 0.25 6121.82
260.40 488.20 0.07 6824.14
232.97 362.96 0.27 6828.70
230.93 750.59 0.06 8976.38
323.82 66.16 0.49 1306.57
260.71 497.88 0.16 9460.65
360.92 26.40 0.08 3138.23
495.22 873.39 0.08 2945.81
489.32 895.03 0.49 9815.89
449.24 707.49 0.32 10603.29
481.22 481.61 0.13 5205.52
590.88 913.38 0.59 3991.51
544.29 901.87 0.15 4149.21
492.73 915.79 0.18 2833.56
596.86 926.75 0.54 3841.94
591.48 997.39 0.40 3526.73
504.06 108.23 0.46 3088.14
401.29 306.32 0.40 8606.17
575.26 617.79 0.13 1407.82
466.17 502.63 0.36 9102.92
514.31 269.98 0.37 1368.12
405.39 332.06 0.03 2011.94
507.25 300.06 0.60 10416.66
452.09 85.52 0.15 8308.95
513.58 629.92 0.19 10253.36
464.90 135.63 0.46 7517.85
418.38 445.06 0.43 9144.27
548.99 673.87 0.38 9677.13
418.97 86.09 0.49 9056.34
511.61 226.33 0.54 4280.11
463.31 316.44 0.24 10112.21
470.31 395.31 0.06 4845.65
621.75 841.67 0.11 9053.18
638.53 921.54 0.17 8357.87
691.03 913.55 0.19 6129.96
654.30 46.90 0.08 1540.33
774.24 20.57 0.28 9960.13
625.81 137.63 0.43 5251.56
722.04 204.80 0.24 8486.86
659.16 26.71 0.18 9670.20
674.47 41.04 0.11 2190.62
761.60 587.84 0.42 5945.41
673.79 569.97 0.08 8580.97
727.11 131.42 0.14 3936.04
685.92 698.56 0.37 5019.97
713.86 674.93 0.18 6127.44
771.64 912.48 0.55 1145.64
646.31 488.13 0.28 8302.99
618.73 537.69 0.32 1787.94
669.59 743.50 0.07 2333.76
610.97 219.33 0.49 7330.96
720.48 244.94 0.15 2403.36
688.91 573.84 0.34 10189.95
763.95 671.01 0.21 7124.53
632.12 173.19 0.54 8716.97
695.15 568.34 0.21 3953.02
754.71 635.74 0.01 8816.81
824.37 723.90 0.44 6675.69
881.05 652.56 0.03 4540.79
809.25 203.99 0.01 2268.33
960.52 855.44 0.34 7784.63
835.67 126.14 0.51 3202.89
838.92 125.97 0.59 5477.84
987.60 247.27 0.12 10557.07
961.14 26.83 0.34 9126.44
903.89 258.20 0.02 5331.82
919.56 631.39 0.51 1242.42
921.77 618.09 0.51 741.07
885.42 879.42 0.52 3180.77
833.80 26.62 0.50 6792.21
836.78 155.02 0.01 8945.39
974.79 147.03 0.57 3288.69
887.24 63.36 0.08 9932.50
951.76 851.99 0.37 4261.05
828.48 933.22 0.18 4952.24
929.97 96.64 0.47 1738.98
865.19 991.69 0.24 1051.48
858.81 77.12 0.33 706.68
870.36 777.01 0.49 2209.08
935.50 890.90 0.36 6550.15
983.54 810.67 0.26 2029.07
944.99 976.91 0.26 7034.75
