98.22 381.74 0.51 9453.92
12.90 799.34 0.44 2936.70
190.53 64.37 0.11 4276.63
152.49 115.00 0.60 2685.04
165.49 856.41 0.16 6460.07
18.90 567.03 0.57 6469.88
58.92 159.54 0.09 1475.81
101.93 514.07 0.15 6246.45
15.79 897.70 0.53 3660.65
153.12 608.36 0.47 6387.84
198.30 914.24 0.45 6094.18
61.41 366.60 0.47 10269.14
191.40 476.95 0.45 1594.77
171.51 797.70 0.28 8622.70
45.14 522.39 0.52 5077.35
362.72 582.90 0.37 10263.44
353.18 958.90 0.56 6674.91
307.45 949.33 0.29 10182.68
393.20 87.86 0.18 2806.84
336.69 762.85 0.46 10496.90
337.37 393.03 0.18 6146.78
277.86 827.59 0.09 1605.65
211.85 705.61 0.54 4145.59
203.91 756.86 0.57 7003.18
386.31 254.18 0.19 5215.76
379.30 189.56 0.23 9800.79
390.59 273.66 0.03 3626.92
264.70 165.78 0.29 4344.30
301.38 765.42 0.41 8234.20
234.88 513.07 0.04 9043.34
410.53 477.39 0.08 9479.33
521.30 739.57 0.41 4819.74
560.50 509.65 0.07 7897.02
509.83 717.20 0.34 7673.37
488.17 252.35 0.33 1614.70
429.63 16.25 0.25 4649.44
407.92 920.42 0.06 5785.04
416.45 551.63 0.45 2330.72
581.16 68.24 0.45 10566.78
417.14 966.11 0.04 8279.06
596.70 469.70 0.39 1255.12
556.40 249.40 0.56 1146.12
490.58 484.90 0.04 9532.43
487.52 202.99 0.10 5460.49
540.31 657.74 0.47 4805.79
713.59 209.11 0.11 3686.77
618.92 549.72 0.50 7427.40
727.87 28.61 0.06 5577.23
703.02 12.00 0.24 6467.43
708.18 345.69 0.26 1114.23
654.52 112.19 0.21 2971.32
710.77 937.94 0.47 2747.19
792.13 709.65 0.24 5082.66
659.06 924.87 0.14 892.10
730.56 232.78 0.46 5321.52
705.77 808.91 0.37 5360.40
727.81 952.04 0.33 4920.21
788.65 260.80 0.56 5611.53
698.90 171.56 0.57 10465.25
792.51 345.91 0.45 6170.42
935.51 976.05 0.34 1230.44
935.72 875.17 0.02 9715.94
801.45 978.10 0.44 9774.16
967.86 610.79 0.55 7341.53
885.90 555.06 0.57 5200.43
813.58 160.86 0.51 8682.42
840.19 204.43 0.20 9593.30
879.11 3.98 0.27 7798.44
949.84 556.52 0.48 9623.81
919.71 356.42 0.40 7543.71
938.62 383.66 0.29 2538.12
910.85 784.69 0.43 8789.24
852.49 169.10 0.09 813.33
940.60 751.25 0.02 7071.88
873.21 130.21 0.24 3843.35
