117.32 235.51 0.57 1695.78
109.52 161.15 0.26 8104.54
34.49 293.93 0.36 8148.73
0.86 839.69 0.47 5443.88
105.26 438.42 0.13 1511.93
266.25 591.67 0.06 5049.30
235.79 638.99 0.59 3172.10
348.56 250.97 0.51 6624.39
396.14 410.16 0.13 3427.60
282.56 278.84 0.16 6726.29
506.71 60.73 0.52 5928.03
528.10 284.03 0.13 9297.37
497.48 138.36 0.09 9060.20
495.50 930.86 0.60 10279.19
438.96 642.90 0.58 1994.80
798.73 50.15 0.55 6019.54
686.36 990.04 0.31 1218.17
783.11 711.01 0.18 7150.56
791.86 697.15 0.21 4738.80
746.49 184.20 0.40 9901.95
936.00 343.53 0.24 1779.52
822.92 880.93 0.49 1189.86
800.18 396.99 0.42 4911.34
809.81 700.67 0.55 10471.92
869.56 808.14 0.07 1420.27
