76.59 392.74 0.17 3161.26
165.13 824.82 0.41 6113.89
10.05 361.32 0.22 6283.05
144.08 839.08 0.14 4691.20
143.76 855.72 0.48 9640.91
7.01 20.11 0.05 1433.69
143.18 380.95 0.27 3624.10
82.65 904.44 0.31 4946.07
150.51 804.07 0.49 6415.90
188.95 753.56 0.26 7480.81
214.30 596.68 0.45 5294.33
226.67 720.48 0.46 3654.80
261.67 362.49 0.05 5766.96
247.68 605.26 0.54 5697.55
371.33 841.96 0.20 7135.93
288.62 883.82 0.05 9174.89
254.01 656.74 0.42 3857.00
206.84 556.78 0.02 8717.70
369.68 308.55 0.27 1093.24
363.53 837.80 0.10 3655.97
598.53 819.66 0.03 2717.84
584.19 795.18 0.14 10316.57
536.85 5.32 0.44 5637.56
406.29 275.86 0.43 1055.90
414.08 458.89 0.51 4383.38
508.40 693.96 0.19 10039.67
446.97 653.00 0.02 9468.75
420.56 124.73 0.51 2388.94
486.30 326.46 0.20 3197.99
564.03 344.41 0.14 2644.93
691.11 938.09 0.47 7878.26
728.78 542.21 0.35 2231.59
606.30 915.28 0.05 9663.69
778.31 90.73 0.36 1828.83
717.91 20.02 0.22 9904.39
702.77 208.41 0.07 6010.10
681.03 163.32 0.35 9176.16
643.97 356.64 0.06 8428.77
649.06 75.56 0.20 3390.79
736.64 243.74 0.55 2568.75
836.01 93.90 0.11 10150.25
901.42 40.14 0.25 5097.49
922.56 861.45 0.05 7055.32
834.45 108.84 0.04 8379.28
967.23 429.30 0.55 5448.78
902.34 348.89 0.49 4549.98
994.15 40.18 0.36 6523.59
961.43 679.61 0.47 5076.52
818.32 35.27 0.52 9459.94
931.80 177.44 0.57 962.58
