8.60 414.95 0.43 6556.06
30.61 780.23 0.40 9824.78
155.73 540.54 0.16 8441.48
4.23 185.40 0.27 4107.40
126.59 857.76 0.58 7032.23
71.41 608.46 0.54 7247.87
131.39 167.12 0.07 5413.07
60.04 104.09 0.52 1877.15
121.28 777.57 0.13 3930.92
104.98 75.47 0.23 8286.88
20.46 736.30 0.25 5442.18
71.90 803.92 0.34 2431.12
62.59 724.79 0.52 669.01
126.21 220.82 0.47 10691.29
2.79 400.09 0.53 6298.87
148.54 918.84 0.17 2534.17
17.34 612.12 0.50 8110.68
55.19 441.23 0.11 6256.76
36.92 539.78 0.13 712.99
140.13 965.22 0.23 2194.27
182.70 569.07 0.36 6364.84
112.01 353.82 0.44 8623.52
112.81 712.45 0.23 2269.58
133.47 298.62 0.53 3273.19
28.58 692.88 0.25 8431.46
146.22 211.23 0.12 7254.62
2.66 809.14 0.05 8155.96
62.75 797.95 0.28 6898.46
137.97 100.60 0.24 9445.89
94.42 154.15 0.25 731.77
393.88 3.82 0.33 6214.49
213.42 617.71 0.45 2453.31
325.76 278.70 0.23 7293.84
362.94 97.79 0.19 6086.25
394.37 824.56 0.44 4662.43
393.15 985.00 0.39 7405.28
365.63 32.93 0.04 4573.74
277.58 351.26 0.28 10366.46
308.96 858.32 0.10 1586.59
340.55 80.32 0.55 1237.98
289.46 780.27 0.28 1391.92
390.56 371.53 0.52 4345.07
304.34 806.44 0.05 8474.62
309.02 775.83 0.12 9069.80
311.60 222.82 0.17 2706.91
349.68 64.22 0.38 2140.98
249.18 292.78 0.59 6893.62
286.20 856.36 0.32 5068.06
319.61 783.15 0.58 3896.45
268.91 634.17 0.36 3870.64
217.13 202.60 0.13 4184.15
362.72 163.70 0.51 7212.53
254.55 247.43 0.41 2142.01
228.32 692.77 0.59 2575.29
214.67 268.52 0.49 8120.43
244.32 808.98 0.40 6589.04
363.21 31.31 0.22 5229.13
383.78 936.05 0.35 6235.19
239.59 703.18 0.48 7025.98
333.59 962.65 0.42 3487.18
569.93 277.67 0.53 3909.22
544.93 974.89 0.18 3693.42
426.53 135.19 0.07 10092.19
540.63 586.42 0.26 5230.20
522.69 205.86 0.06 8624.10
406.31 119.36 0.43 5605.55
572.87 908.49 0.50 2645.86
507.47 557.80 0.30 6187.34
472.36 790.27 0.14 8189.03
487.00 865.24 0.12 816.76
458.15 367.59 0.25 9950.20
473.77 223.93 0.07 4305.42
576.94 893.88 0.30 9382.56
537.56 443.10 0.46 7495.26
570.22 904.28 0.46 2804.66
524.97 298.68 0.27 9752.97
468.53 626.44 0.52 3605.98
507.59 290.71 0.12 7358.79
585.52 132.61 0.30 2186.84
469.52 724.57 0.15 5023.38
498.17 799.01 0.48 8069.84
588.83 922.19 0.44 10223.62
551.15 194.25 0.02 5527.57
507.36 329.45 0.16 1683.76
596.02 190.70 0.22 3090.05
400.66 152.81 0.05 5932.48
522.06 532.59 0.13 4824.92
508.18 510.68 0.08 8639.36
405.33 828.24 0.11 6299.75
445.40 111.24 0.51 8884.97
767.93 598.82 0.14 1018.16
620.48 843.51 0.51 9326.61
750.80 180.40 0.24 3309.49
671.00 256.53 0.30 5577.85
638.08 748.12 0.29 6434.65
719.64 199.00 0.10 3915.61
750.12 750.52 0.45 6152.23
710.38 848.26 0.02 5344.90
780.40 290.28 0.28 1818.62
735.03 914.52 0.51 9939.17
751.62 493.30 0.14 5413.84
674.89 106.61 0.34 8263.40
775.80 330.88 0.26 9846.81
758.74 762.45 0.58 5018.76
680.78 2.25 0.47 10253.14
718.58 561.04 0.10 5166.99
766.75 260.06 0.27 1869.52
631.51 566.81 0.36 7027.13
767.45 621.65 0.25 8160.98
688.69 589.85 0.54 8486.28
610.89 924.00 0.20 4168.99
670.99 204.19 0.21 6976.59
773.56 735.38 0.44 8073.51
789.54 179.73 0.41 4988.06
785.72 803.98 0.16 3772.87
778.93 337.78 0.20 1661.33
753.41 773.68 0.35 7482.11
697.30 99.89 0.46 6833.65
634.33 660.16 0.20 8263.93
650.65 866.77 0.02 1900.04
865.12 86.28 0.36 10624.16
976.02 215.04 0.37 7054.10
812.76 880.02 0.53 6106.78
857.93 484.09 0.02 7414.78
860.81 367.84 0.51 1038.98
801.52 243.46 0.26 4541.41
921.21 389.09 0.34 7275.13
968.60 303.01 0.12 4430.74
816.39 46.61 0.53 8642.05
864.91 354.27 0.22 4323.17
891.23 703.96 0.16 2973.46
955.92 698.72 0.35 3752.55
979.16 174.91 0.60 6754.73
943.16 799.73 0.02 8198.55
865.86 868.11 0.12 2132.64
930.55 534.88 0.47 8243.49
874.45 492.43 0.30 2215.59
921.06 539.50 0.40 4178.32
940.45 285.07 0.11 3501.30
943.45 216.85 0.45 7420.88
821.67 150.71 0.02 5007.21
829.73 219.76 0.30 1646.41
953.92 645.52 0.35 2073.70
920.03 62.21 0.50 6697.33
809.01 461.20 0.35 6044.81
963.06 659.83 0.54 8333.14
936.78 130.60 0.29 10586.03
926.44 129.78 0.15 3860.15
866.51 899.79 0.15 5772.68
998.84 489.84 0.21 3070.14
