149.82 15.01 0.37 9307.81
91.76 153.44 0.29 8264.60
76.55 14.76 0.33 3128.83
30.58 120.66 0.40 4818.60
59.70 293.17 0.32 8900.53
14.73 378.26 0.30 10480.97
154.95 226.78 0.32 7525.99
51.58 221.70 0.26 2066.13
169.46 419.48 0.22 6334.28
198.38 489.65 0.36 6782.35
150.46 416.68 0.34 8881.71
24.19 402.26 0.33 7867.71
127.22 636.82 0.17 670.92
73.35 767.35 0.34 8266.92
38.23 654.69 0.34 5706.56
95.33 751.54 0.22 10213.77
13.14 891.75 0.42 8698.43
4.52 878.02 0.33 7819.92
0.53 871.99 0.21 1949.03
188.81 973.28 0.19 8529.45
341.33 1.35 0.27 9450.72
307.15 185.65 0.38 7123.62
256.54 110.93 0.28 9202.89
392.35 131.99 0.21 4859.05
242.67 327.71 0.39 5250.91
292.23 370.73 0.31 5324.82
262.29 315.44 0.44 6292.90
212.12 311.65 0.26 2574.91
200.75 555.37 0.28 3421.70
361.62 541.09 0.22 3916.12
287.40 559.95 0.36 9480.06
268.30 448.86 0.46 6962.02
363.94 696.76 0.19 2601.17
369.62 749.57 0.21 6661.42
260.78 604.58 0.38 3368.87
362.26 777.19 0.28 2744.11
257.58 868.29 0.30 5105.66
382.16 854.46 0.27 5876.29
322.40 864.16 0.42 4150.66
344.79 948.69 0.32 2240.89
582.58 91.19 0.20 4764.12
410.65 87.80 0.29 8859.14
487.45 159.11 0.30 3661.35
598.04 89.45 0.19 3068.98
519.21 227.44 0.18 2649.95
533.21 300.17 0.30 6340.79
510.75 227.53 0.28 1782.39
527.20 385.05 0.34 2047.57
439.26 589.38 0.29 3101.07
403.73 574.19 0.32 5943.40
568.62 551.90 0.38 10082.65
576.32 433.30 0.38 8646.64
432.08 765.50 0.32 8604.86
478.04 702.77 0.31 9281.81
525.34 611.09 0.15 9371.07
465.13 676.89 0.30 4745.64
439.50 937.21 0.29 8528.03
401.29 884.76 0.23 3324.96
483.89 820.24 0.30 9435.54
531.97 906.77 0.36 7684.56
723.62 92.32 0.40 1419.40
763.15 121.80 0.17 4343.88
630.71 37.61 0.27 9235.81
659.30 151.62 0.19 10434.90
795.50 323.29 0.23 3942.94
736.08 300.48 0.32 2497.90
746.38 305.74 0.40 2366.53
634.92 332.85 0.44 8840.71
689.24 552.69 0.34 1751.35
664.84 562.89 0.15 8446.12
656.48 525.37 0.41 6944.25
612.46 577.82 0.45 3849.19
735.20 773.66 0.38 4548.68
653.54 639.66 0.33 7851.83
606.22 698.15 0.31 3620.63
769.62 671.48 0.43 9832.39
792.07 897.91 0.28 8724.00
680.82 918.61 0.38 1471.39
674.94 834.32 0.30 9992.58
728.12 931.51 0.09 7425.60
910.75 168.58 0.43 10689.66
861.07 137.04 0.21 7959.77
827.03 158.16 0.36 10572.83
914.55 112.98 0.15 9156.87
801.00 312.30 0.40 8603.31
987.10 259.44 0.24 9210.63
854.22 284.39 0.23 5750.48
850.39 381.52 0.34 4041.31
964.03 402.63 0.37 5118.06
879.88 589.04 0.34 5056.01
996.72 418.14 0.33 1161.30
829.53 516.46 0.21 2840.99
940.37 747.68 0.24 8143.83
910.56 678.68 0.36 4637.03
815.79 758.92 0.29 2637.51
964.86 672.31 0.19 8215.46
860.03 814.44 0.49 4780.42
829.99 805.54 0.27 1647.42
896.22 868.08 0.38 7603.04
820.01 810.95 0.16 5241.14
