191.76 69.05 0.33 3012.93
105.73 49.66 0.12 3731.76
15.10 198.16 0.07 2609.26
36.25 152.75 0.35 7564.89
163.95 252.77 0.24 8037.11
41.92 310.06 0.38 3367.31
99.76 264.24 0.22 1634.30
14.15 215.00 0.11 4333.61
171.43 489.70 0.18 4483.50
156.35 589.97 0.27 10423.02
5.18 495.86 0.18 6562.39
143.09 598.60 0.23 8971.56
103.29 775.58 0.05 10101.38
138.21 718.80 0.23 2782.87
159.05 690.66 0.32 720.89
121.40 651.85 0.37 1481.35
138.16 834.11 0.27 7928.65
136.29 812.00 0.10 2085.13
61.10 948.68 0.25 7208.99
124.06 900.10 0.03 3925.51
348.20 176.12 0.19 4580.09
225.94 188.29 0.10 8249.70
336.10 143.56 0.36 1880.74
306.20 23.00 0.08 3511.79
298.56 303.85 0.12 8018.33
333.24 224.52 0.20 8720.69
390.82 356.13 0.20 9561.29
337.89 231.49 0.31 5767.82
270.70 538.52 0.25 4632.73
339.43 414.12 0.13 9628.42
346.86 575.76 0.26 5152.01
352.59 586.86 0.26 5133.54
232.99 706.44 0.16 7994.38
389.68 703.96 0.36 6796.70
385.03 775.65 0.24 7630.04
321.91 774.04 0.15 1184.93
234.59 804.89 0.32 7098.00
369.61 978.26 0.33 7977.56
224.46 819.56 0.31 7434.01
338.44 980.97 0.39 4872.22
451.81 131.18 0.02 5311.06
544.94 166.07 0.38 1595.27
574.83 75.01 0.35 5168.40
569.39 149.91 0.31 9907.43
423.08 375.23 0.31 6045.53
470.09 319.72 0.04 9748.42
436.63 310.27 0.09 4895.61
584.84 389.47 0.37 5455.24
540.70 471.14 0.27 8668.21
458.73 593.55 0.11 8097.53
538.12 423.78 0.35 2816.92
419.88 504.42 0.10 10679.85
543.57 643.20 0.31 2398.12
507.73 786.70 0.18 9325.23
564.62 732.57 0.14 10264.85
473.50 713.31 0.22 772.51
544.60 843.81 0.04 3194.05
499.05 855.23 0.14 4141.25
542.42 832.50 0.21 9164.19
403.67 935.41 0.36 10227.88
677.75 83.48 0.15 9250.58
770.45 73.55 0.26 8819.98
718.14 16.94 0.35 8121.87
639.59 33.90 0.28 7714.98
759.24 386.78 0.17 4289.86
741.57 305.04 0.17 7060.04
798.87 299.80 0.14 10113.19
757.45 209.80 0.13 8600.85
629.37 421.01 0.21 9502.95
606.75 417.97 0.37 4543.50
685.45 414.10 0.09 8185.96
747.03 553.43 0.07 8955.33
635.47 691.77 0.19 5472.35
781.68 667.23 0.19 9663.72
717.70 645.81 0.23 10091.52
704.76 650.38 0.17 1920.37
698.32 809.96 0.07 6952.70
760.68 995.90 0.20 9215.74
740.07 870.03 0.39 3221.51
745.12 800.02 0.05 6669.11
876.78 162.50 0.29 6406.19
859.37 65.58 0.32 7707.22
921.33 61.30 0.21 4161.36
898.79 99.41 0.38 8968.69
884.34 360.96 0.14 3996.58
851.36 349.77 0.10 5988.04
866.23 367.41 0.25 2698.85
868.16 369.84 0.01 7212.41
929.39 520.32 0.31 8062.64
868.56 531.08 0.25 5325.26
958.71 427.23 0.34 8862.93
809.75 460.16 0.39 8404.78
986.11 603.17 0.15 9016.93
892.06 763.27 0.22 10305.60
859.49 640.94 0.08 886.20
905.07 745.92 0.20 8817.19
821.88 934.09 0.11 9128.35
920.25 961.55 0.33 2179.87
868.16 924.40 0.13 2026.16
988.49 926.02 0.01 5667.41
