714.38 895.75 0.09 4889.28
711.78 65.16 0.01 5412.45
616.36 69.33 0.05 6718.53
688.61 408.09 0.02 3042.97
882.91 104.24 0.06 3707.75
382.56 27.75 0.12 4077.16
876.03 133.21 0.12 5341.64
568.51 322.58 0.14 6263.67
675.97 230.21 0.33 4754.71
922.08 524.53 0.11 4179.94
328.68 109.58 0.01 6076.43
280.77 789.71 0.23 3667.47
872.97 442.38 0.15 4119.62
517.57 287.68 0.13 5541.82
825.48 727.69 0.02 5314.01
141.05 395.27 0.08 5524.85
704.58 144.23 0.03 5578.74
358.62 735.73 0.18 6201.08
618.79 802.73 0.24 4790.11
170.41 425.65 0.13 5969.35
466.37 521.15 0.16 4305.10
119.57 645.40 0.08 6967.63
272.07 783.71 0.01 5519.92
23.93 733.40 0.01 6695.29
879.69 750.79 0.13 6541.36
