686.49 855.33 0.37 5376.69
890.83 15.90 0.32 4858.84
511.53 231.01 0.55 5064.92
806.68 191.66 0.34 4177.46
63.49 278.71 0.52 3854.66
200.62 737.05 0.55 4029.90
62.73 106.18 0.49 4187.50
201.49 439.90 0.26 4726.47
584.47 755.01 0.34 5210.41
954.79 886.08 0.47 4153.56
425.75 502.15 0.44 5563.10
663.23 375.69 0.51 4729.02
824.79 699.97 0.37 5537.90
967.18 282.17 0.43 5663.70
213.45 15.93 0.39 7669.55
693.68 886.80 0.30 5181.78
563.26 413.56 0.51 4699.03
108.73 687.23 0.44 5081.28
951.84 668.30 0.38 6575.70
218.14 521.71 0.27 6385.46
214.95 666.53 0.47 5296.88
818.87 802.28 0.38 5396.69
460.37 996.68 0.37 4724.92
454.79 620.03 0.41 3926.53
596.67 73.46 0.43 5658.42
356.61 20.96 0.33 4908.42
546.38 419.98 0.43 6085.51
350.57 29.43 0.43 5618.56
194.21 524.24 0.19 4237.23
421.37 973.81 0.44 3748.26
168.30 999.79 0.49 4632.37
854.48 46.63 0.57 4769.08
608.87 526.49 0.43 3662.79
239.00 232.56 0.51 5327.06
389.52 378.44 0.48 3627.84
18.70 494.13 0.37 5340.03
325.78 650.73 0.49 5173.35
524.39 199.44 0.26 6989.04
350.89 930.66 0.31 5595.82
154.71 887.59 0.47 5634.23
838.04 874.95 0.28 4874.63
506.13 576.26 0.53 5504.64
769.88 248.73 0.41 5592.76
483.34 613.01 0.45 4708.13
791.60 667.35 0.18 5662.16
323.61 153.59 0.52 3735.02
181.52 20.99 0.45 4245.65
211.52 693.15 0.29 4819.33
238.79 564.99 0.35 4667.13
430.83 669.24 0.42 5045.18
118.91 981.51 0.48 4620.63
707.66 740.52 0.48 4355.01
217.24 318.59 0.51 6151.79
335.83 690.84 0.37 3271.61
348.55 484.78 0.35 4533.43
553.82 721.66 0.33 5507.32
739.03 215.84 0.34 5809.73
72.01 942.45 0.40 6139.42
375.50 517.04 0.33 5138.16
788.53 12.12 0.38 4421.70
133.65 271.35 0.50 5688.07
967.02 962.45 0.42 5158.31
109.26 515.60 0.44 6352.22
680.62 127.45 0.27 3634.55
277.96 338.07 0.37 4458.51
496.20 195.25 0.29 6638.86
316.73 706.42 0.27 7047.01
454.99 369.22 0.23 4717.73
286.57 648.16 0.28 3534.64
789.07 409.67 0.37 5635.75
47.57 582.43 0.42 5180.50
498.22 831.30 0.47 5436.80
70.34 342.66 0.40 3265.67
922.31 500.01 0.47 2976.55
831.35 793.72 0.35 6065.63
412.15 759.55 0.43 4938.56
669.03 956.19 0.47 5101.66
154.58 500.93 0.57 3785.40
634.18 47.27 0.51 4589.11
52.99 687.66 0.20 3147.96
469.09 374.24 0.27 6761.00
273.36 346.72 0.37 6014.58
476.75 718.92 0.46 6245.50
120.38 105.40 0.38 3416.50
561.23 651.85 0.35 5706.91
63.30 12.19 0.46 4539.20
637.18 35.84 0.38 5207.96
359.92 178.35 0.41 5247.15
392.10 602.77 0.58 4855.72
735.37 805.47 0.17 4607.13
750.14 279.45 0.32 4369.49
596.61 97.99 0.29 4314.44
353.34 338.77 0.34 4842.52
919.27 924.49 0.48 6665.79
82.19 73.41 0.40 4278.76
103.87 272.77 0.44 3884.78
821.11 166.02 0.30 7265.47
293.06 804.54 0.37 3934.93
95.62 505.35 0.36 6182.52
896.95 149.80 0.33 5329.81
478.65 29.42 0.52 5781.95
793.02 227.06 0.49 5342.90
868.67 845.53 0.56 5502.01
59.60 913.29 0.57 3562.30
669.02 795.34 0.36 4860.28
605.00 577.96 0.43 4335.54
209.10 69.16 0.37 4926.81
830.10 722.89 0.43 5125.09
511.96 936.46 0.44 6103.24
740.05 900.82 0.41 4871.82
77.04 686.06 0.37 5681.94
62.38 824.23 0.37 4204.55
320.49 516.50 0.26 4993.46
430.24 912.33 0.33 4034.62
387.42 976.04 0.40 4424.55
425.29 971.83 0.26 5317.78
195.48 636.27 0.23 3365.94
674.46 544.07 0.38 4564.63
996.84 986.29 0.59 4218.99
680.23 395.57 0.30 3703.45
191.40 175.92 0.45 6528.22
79.24 168.41 0.34 3430.60
102.25 201.44 0.49 4374.93
6.42 833.57 0.41 4893.39
727.88 607.76 0.45 5634.66
