275.81 703.09 0.38 6604.99
878.35 572.94 0.46 4214.11
455.90 786.24 0.47 3858.30
536.77 241.40 0.42 6799.47
342.12 774.25 0.44 5081.39
743.71 63.95 0.38 6168.46
759.07 549.50 0.33 4975.91
115.26 969.38 0.40 3737.92
976.92 752.21 0.39 3834.00
265.81 653.03 0.31 7050.42
760.25 634.17 0.33 4157.54
379.40 368.18 0.44 5221.40
987.55 388.95 0.34 5630.78
956.05 589.16 0.51 5663.62
533.07 260.07 0.37 4199.00
62.88 763.74 0.28 6245.89
552.71 70.11 0.40 5163.83
767.80 804.11 0.39 4854.04
440.95 553.08 0.53 4101.11
745.94 10.46 0.33 6115.08
349.34 276.00 0.41 2878.66
686.34 949.48 0.28 4631.35
903.56 324.77 0.48 5658.87
180.11 113.66 0.50 4922.97
719.25 255.58 0.32 5967.95
326.96 346.46 0.35 5291.86
734.46 964.40 0.36 5397.49
306.12 445.56 0.46 5217.86
882.42 793.55 0.50 4443.67
719.97 990.37 0.19 4859.52
913.20 278.00 0.43 4600.77
521.17 710.24 0.30 7050.49
163.81 134.17 0.54 4896.28
482.49 439.62 0.27 5122.42
550.82 704.75 0.40 4534.64
603.27 552.79 0.48 5521.98
217.10 130.56 0.25 4386.22
810.56 896.42 0.39 6813.07
165.15 194.50 0.42 4642.90
759.06 29.29 0.42 5393.24
136.65 963.68 0.49 5034.88
342.13 664.65 0.36 4936.98
758.19 698.81 0.17 4159.22
495.05 998.62 0.42 4196.77
115.05 940.57 0.43 5119.59
86.51 402.14 0.56 5581.90
250.51 215.46 0.33 5804.47
271.23 178.93 0.26 5552.88
265.53 198.72 0.47 5549.08
454.81 163.61 0.18 2884.36
890.08 981.73 0.50 6215.46
266.41 10.12 0.31 5866.02
959.83 762.52 0.26 5123.76
396.10 214.28 0.29 5220.50
741.61 30.30 0.34 4360.06
954.37 496.26 0.38 3811.59
998.64 196.90 0.41 3961.97
431.63 88.54 0.43 3930.85
921.32 895.94 0.27 4323.79
805.26 67.17 0.58 4897.47
88.58 41.56 0.39 3488.64
167.41 453.57 0.43 4237.67
550.48 975.84 0.25 3655.61
970.16 945.55 0.38 5087.55
629.20 960.81 0.43 4905.65
578.28 433.38 0.40 2542.73
216.20 647.89 0.46 5778.43
25.19 320.39 0.40 3551.14
493.01 509.05 0.36 4914.27
491.52 728.50 0.44 6999.96
290.81 129.88 0.38 6514.30
708.39 858.96 0.33 6092.40
235.74 734.78 0.44 4169.25
445.79 270.34 0.36 2616.85
536.72 712.01 0.31 2944.27
639.92 161.90 0.32 4529.39
905.33 689.70 0.44 5457.83
422.57 172.22 0.41 5595.78
653.79 870.84 0.43 6072.33
59.23 834.71 0.56 4898.38
458.27 109.47 0.33 4922.97
517.87 25.50 0.44 6343.65
359.98 70.64 0.41 6520.16
685.53 9.33 0.33 5863.10
868.34 63.94 0.54 5844.96
843.13 298.92 0.50 6000.65
932.74 408.36 0.27 5512.90
937.18 600.11 0.32 4314.23
231.23 236.27 0.36 5822.10
596.03 638.15 0.35 3713.13
26.25 126.50 0.43 6362.17
79.96 653.82 0.48 5042.84
718.98 860.51 0.53 4441.35
29.85 583.51 0.51 3391.93
574.63 489.85 0.35 5348.45
439.11 139.30 0.32 4621.74
143.76 303.72 0.58 3922.69
865.98 386.54 0.31 4117.18
17.57 580.10 0.28 5290.50
163.64 94.92 0.41 4967.15
662.99 454.03 0.34 4741.67
274.06 293.38 0.51 4967.23
357.10 346.46 0.43 3990.88
911.31 565.94 0.51 5370.55
664.78 557.90 0.47 5397.73
338.79 367.28 0.47 5696.02
947.72 40.56 0.32 6047.73
260.25 31.69 0.43 6685.11
981.90 87.90 0.46 3761.37
171.66 62.30 0.40 5645.47
970.21 19.66 0.34 4417.04
807.24 446.37 0.36 6233.08
605.08 703.17 0.52 4043.09
663.92 76.99 0.37 4661.92
160.13 446.29 0.34 4519.79
449.75 766.27 0.44 6144.10
794.80 170.54 0.48 4047.48
627.14 497.71 0.37 4138.68
713.43 293.25 0.55 6110.64
83.65 821.68 0.21 4949.75
69.86 6.71 0.45 6570.60
793.47 730.11 0.54 5476.64
428.37 264.09 0.42 6238.40
717.61 987.25 0.51 4274.11
294.08 577.66 0.57 4641.75
144.23 601.63 0.33 5256.68
357.96 216.67 0.29 5026.51
559.98 100.51 0.39 6156.73
66.46 428.08 0.50 7295.26
469.76 869.19 0.33 3946.68
577.84 683.10 0.43 5769.82
997.53 439.84 0.49 6865.24
120.15 146.06 0.22 4918.87
79.32 698.35 0.36 5303.92
820.70 467.47 0.28 5445.71
680.31 81.64 0.46 5188.55
847.34 251.11 0.52 4817.56
639.56 218.30 0.52 5549.81
645.36 318.76 0.40 4873.91
619.69 372.39 0.32 5367.31
86.86 997.56 0.38 5759.07
874.56 79.75 0.39 4915.18
788.28 587.09 0.44 4583.63
711.03 734.70 0.38 6157.77
181.32 76.38 0.30 4645.88
589.52 799.26 0.33 4416.45
680.36 899.25 0.46 6416.01
266.60 888.88 0.45 4833.33
476.04 160.85 0.53 6509.92
203.29 366.03 0.51 3306.34
904.93 977.34 0.34 5607.93
841.73 718.51 0.43 5587.28
462.80 547.62 0.23 6713.99
170.92 698.39 0.45 5027.37
327.27 611.59 0.57 5778.87
514.21 916.73 0.39 6173.46
186.07 262.64 0.46 6406.94
669.61 885.67 0.28 5619.44
35.79 99.27 0.28 5877.73
412.63 526.36 0.33 5566.35
756.03 978.05 0.44 2978.66
346.37 80.37 0.37 6020.61
648.49 559.67 0.40 5498.69
592.46 183.29 0.43 5782.09
35.57 859.54 0.07 5738.95
42.63 735.57 0.44 6439.78
868.74 463.85 0.52 4637.39
50.18 667.88 0.51 4250.55
973.28 398.94 0.44 1984.18
993.61 89.99 0.33 5730.14
413.20 317.24 0.51 5572.18
459.73 913.60 0.32 6142.23
464.81 383.59 0.34 4064.49
786.51 622.24 0.30 5527.77
899.84 611.65 0.45 6870.13
589.24 418.47 0.59 5219.32
3.63 914.74 0.55 3417.61
40.79 436.34 0.42 5001.93
756.31 179.47 0.29 5188.31
736.05 846.49 0.34 6243.49
101.74 488.68 0.51 5469.25
959.45 584.36 0.54 4175.33
365.48 929.83 0.37 4531.06
784.17 692.75 0.24 3372.43
920.81 914.85 0.30 4906.15
558.00 336.34 0.27 5038.10
642.92 902.23 0.36 4347.44
931.30 319.55 0.42 4618.22
636.03 438.92 0.35 4969.17
478.32 946.21 0.37 5475.47
748.34 496.23 0.39 3822.14
163.68 720.81 0.38 5185.13
356.87 103.58 0.51 9999.00
89.49 481.96 0.42 3122.01
758.10 294.05 0.33 4961.14
45.84 278.83 0.29 5707.13
607.65 950.26 0.35 4950.80
795.36 866.79 0.41 5219.32
989.57 544.20 0.36 4485.69
119.96 632.85 0.28 5237.49
