401.90 217.84 0.22 3869.86
219.67 391.14 0.04 5936.72
388.15 930.72 0.17 5915.80
806.78 255.54 0.17 3081.79
649.54 822.16 0.08 4699.53
240.68 853.63 0.23 4620.81
752.72 247.58 0.15 4301.92
272.38 293.24 0.09 5514.70
980.82 16.68 0.06 5534.67
718.59 973.83 0.05 3548.45
94.48 204.73 0.01 4506.41
886.01 16.85 0.30 6087.72
959.20 78.50 0.14 3767.47
356.30 144.76 0.02 6817.37
280.59 617.01 0.06 4804.31
892.69 177.48 0.27 5447.71
473.82 457.61 0.16 4078.74
388.49 482.00 0.05 5636.56
784.23 715.02 0.07 6063.85
883.59 475.63 0.17 5402.94
748.69 47.64 0.23 4298.34
383.34 784.24 0.23 4316.88
15.24 499.22 0.08 3518.10
605.24 808.28 0.21 4269.59
370.95 320.77 0.14 5384.52
198.11 750.97 0.12 5353.13
955.40 184.32 0.13 5705.78
429.14 662.05 0.14 5972.58
918.41 343.33 0.02 4233.10
428.41 541.77 0.18 4566.71
994.52 772.38 0.02 4304.93
523.63 325.80 0.07 6471.62
621.63 464.91 0.15 5745.81
888.22 849.17 0.27 4969.19
89.68 282.01 0.07 5144.56
738.32 973.73 0.31 4756.48
317.35 323.76 0.20 4917.18
453.85 407.06 0.11 4768.35
348.79 765.23 0.16 5636.53
930.13 920.46 0.10 3248.10
48.98 854.18 0.19 5433.09
872.79 333.39 0.10 5749.15
931.30 68.04 0.09 3566.22
602.39 571.68 0.17 4755.93
342.38 678.90 0.07 6294.97
642.66 102.79 0.05 5355.12
49.67 419.78 0.04 3151.20
918.49 991.32 0.19 5818.11
293.75 671.09 0.05 4025.44
818.98 46.33 0.23 4562.70
403.00 2.56 0.19 5750.11
737.04 747.66 0.01 5949.69
342.83 332.93 0.11 4714.15
971.34 329.33 0.12 6628.13
706.60 87.40 0.30 4435.26
18.79 224.16 0.09 3946.91
112.61 446.66 0.18 5740.98
268.69 756.57 0.10 4871.53
409.22 723.59 0.22 6389.77
549.53 214.51 0.06 5458.53
483.18 574.47 0.06 4177.52
368.09 962.66 0.06 5934.57
166.87 241.00 0.24 7669.86
410.14 477.16 0.07 5962.40
484.86 123.65 0.02 4899.73
677.03 29.32 0.19 6504.27
133.64 452.50 0.25 6449.20
851.43 460.28 0.19 4916.29
275.32 224.23 0.19 3294.94
448.90 551.00 0.18 3707.64
873.56 976.97 0.19 3978.58
949.39 68.45 0.05 4013.39
637.59 14.25 0.17 5272.44
585.99 353.66 0.05 3598.07
968.33 767.61 0.16 5114.83
253.03 331.05 0.07 3631.11
942.51 912.92 0.01 5205.06
677.41 178.03 0.08 6685.49
982.07 194.00 0.10 5908.78
633.84 473.56 0.03 5943.92
977.84 942.08 0.13 6144.11
699.03 389.03 0.16 5257.67
26.26 697.10 0.05 6332.94
939.07 940.12 0.27 6375.23
268.97 145.16 0.12 5828.03
559.98 41.43 0.29 4373.60
167.88 956.09 0.05 3337.57
379.85 153.34 0.07 6555.50
964.85 71.18 0.03 5019.86
658.82 681.01 0.08 4380.72
862.36 288.09 0.03 6353.21
464.85 163.57 0.15 6616.76
7.06 681.84 0.05 5484.41
36.82 859.55 0.01 5904.04
444.85 397.88 0.03 7644.52
251.94 424.02 0.19 5086.33
337.31 36.97 0.12 3255.84
987.46 466.84 0.11 5576.35
233.40 936.31 0.18 4156.32
191.66 982.23 0.08 5141.69
971.33 191.99 0.14 4109.95
529.34 161.57 0.17 4422.13
510.60 742.12 0.06 7282.41
453.57 317.73 0.06 5649.16
191.37 802.26 0.14 4872.64
550.75 969.04 0.15 2039.09
600.86 295.40 0.01 4565.64
745.30 16.24 0.01 5675.92
155.29 540.86 0.13 4445.60
834.41 743.71 0.21 3095.82
946.14 418.86 0.06 3978.06
311.30 985.88 0.01 5928.79
594.69 633.86 0.25 3678.10
989.72 720.27 0.14 3174.82
582.38 580.06 0.28 4625.16
584.86 728.68 0.03 6238.68
385.39 279.09 0.01 6327.02
20.74 900.19 0.28 3167.60
936.98 61.06 0.09 5764.23
44.30 195.34 0.32 4763.66
450.15 501.29 0.17 3583.77
703.21 157.81 0.07 3631.54
894.54 721.83 0.36 3552.44
950.06 470.19 0.08 5126.61
116.53 763.80 0.04 3242.83
195.64 399.60 0.05 3719.35
4.69 517.32 0.05 3528.00
387.07 362.59 0.07 5091.37
635.87 491.02 0.16 6543.94
57.45 311.24 0.01 4430.52
153.69 605.02 0.15 4605.39
335.32 390.13 0.15 6423.88
428.41 499.74 0.01 3782.76
724.36 693.62 0.18 3852.45
546.69 330.76 0.28 5407.41
317.18 350.77 0.13 4000.84
766.31 764.96 0.09 4978.45
537.92 472.06 0.15 6686.25
800.65 906.99 0.01 4920.70
421.95 458.65 0.15 3545.83
710.55 748.02 0.01 3935.50
431.18 710.27 0.20 4726.19
80.38 794.89 0.07 4948.97
83.62 447.36 0.07 5180.05
352.64 111.29 0.20 5230.07
158.39 855.18 0.08 4661.47
143.86 163.57 0.08 5384.34
476.46 204.49 0.07 4869.12
736.03 172.26 0.15 6218.90
708.31 632.52 0.02 6003.40
494.61 411.00 0.06 5135.92
352.68 534.02 0.23 3946.08
89.58 140.72 0.17 5697.41
773.65 127.59 0.06 4121.42
448.90 112.98 0.01 5879.38
949.86 936.40 0.07 4054.53
734.33 973.19 0.05 6003.00
703.09 475.89 0.18 4405.32
535.80 175.22 0.16 4698.99
843.75 534.74 0.17 4496.97
517.10 822.53 0.01 2667.49
272.42 652.19 0.03 6034.52
690.65 106.33 0.17 5498.03
79.69 225.06 0.15 3440.11
562.56 903.19 0.05 3524.59
646.13 101.30 0.04 7031.89
843.85 822.44 0.17 4002.40
445.61 782.32 0.27 5679.29
830.06 686.83 0.03 2374.03
113.28 819.15 0.11 4572.73
514.67 868.32 0.12 4648.87
49.42 785.78 0.01 4588.98
571.90 993.56 0.10 5837.69
143.06 392.25 0.19 4181.65
346.48 887.30 0.22 5902.17
