922.00 894.80 0.03 7680.28
954.39 986.92 0.01 6016.04
142.15 492.75 0.02 4158.30
689.62 763.15 0.05 5295.54
34.88 620.04 0.13 4126.00
989.68 618.86 0.24 5651.54
559.20 547.63 0.27 4293.21
302.44 504.98 0.26 4720.48
910.73 736.53 0.11 5528.88
744.46 47.86 0.24 5923.87
959.15 163.54 0.10 4368.12
514.69 274.48 0.13 5211.66
375.75 971.17 0.11 5403.72
470.51 101.79 0.14 6232.18
359.90 112.40 0.05 4676.25
628.92 566.76 0.05 6682.47
305.29 446.61 0.10 4416.73
281.08 128.95 0.05 3538.61
920.87 732.09 0.11 5845.43
591.89 78.32 0.01 4618.85
516.44 748.01 0.01 5313.26
49.57 550.30 0.34 6199.86
984.69 810.61 0.07 5038.90
452.34 426.24 0.04 3789.45
542.01 400.10 0.17 5175.41
61.16 93.78 0.12 4966.78
519.85 274.76 0.12 4994.42
280.98 626.86 0.15 6455.14
206.46 329.74 0.27 5200.39
55.40 258.75 0.02 6227.95
339.07 489.48 0.07 4727.99
156.91 381.05 0.11 3701.79
519.82 606.63 0.26 4786.10
129.32 714.23 0.07 4466.60
677.88 35.83 0.19 2389.69
297.20 23.07 0.11 6426.31
397.53 750.62 0.09 5313.59
900.28 34.72 0.18 5365.79
533.60 869.86 0.10 4947.19
200.99 992.74 0.07 4222.52
958.41 275.15 0.05 5844.47
133.46 961.39 0.04 3764.10
64.51 809.03 0.21 3575.86
716.33 853.39 0.02 6347.04
550.67 650.23 0.04 6005.08
309.96 990.21 0.26 3504.70
488.42 716.33 0.01 6164.02
1.73 754.77 0.03 5759.27
366.46 571.27 0.03 4558.14
496.84 307.52 0.40 4894.12
603.30 343.67 0.13 5050.74
209.10 860.89 0.01 6802.86
683.92 526.11 0.10 5639.56
563.48 120.63 0.06 5895.93
0.14 549.04 0.09 6031.44
967.15 643.34 0.02 5585.25
461.76 552.03 0.01 5219.10
515.04 281.11 0.02 3622.73
401.88 75.55 0.10 4853.94
743.50 472.79 0.15 3108.84
145.51 796.49 0.01 5726.93
894.50 122.40 0.15 6213.47
712.00 549.66 0.15 5357.51
96.36 749.11 0.01 5059.78
674.39 532.32 0.17 5871.21
70.16 706.56 0.19 5469.62
203.94 642.16 0.01 3663.69
34.43 591.11 0.11 6466.62
408.83 910.58 0.15 4690.14
659.76 720.93 0.01 4740.42
550.35 913.95 0.08 5307.75
625.62 414.59 0.01 4368.70
824.72 600.20 0.10 5198.74
532.43 686.03 0.19 4170.94
530.23 693.08 0.29 4983.62
610.93 291.18 0.05 5319.47
174.09 54.98 0.05 6966.85
398.19 381.73 0.06 6456.96
815.05 791.65 0.09 5149.65
309.25 257.43 0.22 4878.74
933.10 69.83 0.06 5165.54
36.53 703.13 0.08 4225.36
329.09 717.60 0.04 3511.08
57.64 399.98 0.01 7110.88
377.50 408.05 0.24 4600.37
340.96 199.12 0.02 6276.24
285.06 694.95 0.10 4516.25
907.28 310.84 0.06 5222.52
548.93 20.28 0.01 3980.43
445.52 912.06 0.01 5464.58
917.07 102.65 0.12 3443.24
767.52 734.43 0.02 5387.46
471.83 206.06 0.18 6220.46
119.61 417.77 0.01 6062.65
212.16 398.12 0.01 4778.58
632.60 287.69 0.15 6077.67
855.72 564.20 0.16 3678.18
904.89 875.95 0.08 5392.78
927.77 203.94 0.04 4493.76
437.59 757.69 0.19 3734.41
