603.04 265.14 0.07 4854.53
40.27 765.78 0.18 5474.71
943.93 661.89 0.05 5911.18
771.46 15.87 0.15 4659.27
752.01 671.62 0.08 4691.74
226.47 748.71 0.11 5197.64
247.17 879.22 0.21 6618.61
969.45 852.61 0.09 6756.10
534.18 162.79 0.05 5914.90
281.94 748.09 0.11 5252.30
88.69 597.79 0.01 4640.97
873.35 509.51 0.12 6421.64
869.85 782.15 0.09 3899.95
660.26 53.96 0.12 6561.76
912.84 157.90 0.20 5186.93
720.97 337.64 0.15 5740.15
28.59 435.95 0.11 5329.07
163.42 478.91 0.01 3826.82
2.90 348.88 0.01 5443.79
318.25 401.40 0.09 4454.36
216.83 2.93 0.07 4804.27
839.34 918.27 0.13 5097.30
915.80 884.23 0.10 5872.92
898.04 344.51 0.11 5427.01
139.11 563.83 0.02 4476.15
665.37 553.49 0.12 4963.66
124.03 431.32 0.15 5000.77
855.74 362.76 0.02 5206.20
299.75 952.27 0.11 2403.47
481.60 99.00 0.05 4982.80
144.34 115.47 0.18 4734.18
597.75 466.65 0.16 4917.34
440.39 377.94 0.19 5508.36
830.07 383.37 0.10 4647.45
450.05 593.50 0.14 4621.69
378.31 254.12 0.01 6333.52
955.04 457.78 0.02 5580.93
511.85 167.29 0.10 3712.61
511.82 742.37 0.27 7283.74
660.23 970.86 0.27 4152.04
911.54 692.20 0.14 3027.13
646.63 783.46 0.18 4096.72
877.23 334.75 0.12 5200.56
786.54 627.52 0.13 5495.52
72.02 606.75 0.03 4534.88
595.60 331.21 0.01 5665.12
288.36 191.57 0.05 4671.78
921.81 450.98 0.10 4593.08
916.40 922.53 0.01 4395.85
533.56 448.86 0.10 5615.23
56.32 487.80 0.10 5402.83
765.25 596.14 0.13 4451.71
795.18 705.41 0.01 6169.32
154.00 668.72 0.09 4014.32
863.61 720.00 0.11 5493.04
46.26 303.75 0.13 4796.78
855.81 352.10 0.04 7264.56
514.41 521.14 0.06 4882.38
810.81 172.98 0.15 5720.40
258.67 264.83 0.26 3585.70
594.35 308.84 0.05 4032.80
549.65 918.90 0.02 4928.97
963.85 932.45 0.09 5331.35
872.36 190.35 0.11 6832.72
537.55 33.61 0.04 5664.72
122.97 35.70 0.37 5003.63
539.49 791.04 0.08 4864.48
726.54 314.72 0.02 4188.00
119.76 176.01 0.02 5181.26
738.46 357.17 0.12 3011.44
83.54 649.28 0.06 5483.52
488.27 62.75 0.02 3981.73
816.20 745.36 0.22 4534.04
644.48 677.34 0.07 5891.84
718.21 65.15 0.31 5965.72
