793.29 730.64 0.32 5984.39
808.25 271.52 0.47 4768.51
735.70 943.65 0.44 4581.55
763.58 85.00 0.51 4385.76
780.60 65.30 0.41 5760.66
127.15 193.74 0.45 5565.08
287.06 427.92 0.55 3884.75
19.39 390.09 0.48 4921.24
310.58 81.74 0.46 2905.98
140.15 252.90 0.27 5979.23
389.90 26.02 0.38 4419.55
333.45 506.91 0.24 6199.26
491.83 317.63 0.36 5190.99
787.42 926.42 0.46 4436.40
80.05 524.98 0.51 3985.92
854.92 527.91 0.24 6637.32
264.28 448.63 0.52 5823.94
449.47 414.46 0.27 5395.68
207.62 639.71 0.26 2905.79
150.98 25.01 0.45 5275.16
24.59 819.88 0.45 2638.53
876.92 834.68 0.37 4384.23
568.30 374.00 0.31 5162.76
290.04 77.13 0.18 5959.48
718.93 613.62 0.43 3201.68
959.89 498.14 0.36 4476.77
272.21 741.13 0.28 4814.12
610.10 749.73 0.36 5921.98
25.43 282.31 0.32 5841.68
712.75 345.02 0.36 3608.21
290.36 385.06 0.40 5976.70
19.49 130.88 0.29 4658.55
545.22 834.78 0.37 5932.96
752.15 309.32 0.36 6289.71
819.76 721.46 0.45 5565.03
580.82 361.53 0.29 3117.02
68.68 198.31 0.28 5392.19
855.93 497.42 0.43 5007.56
924.97 394.19 0.47 4540.16
354.03 447.20 0.46 3527.16
942.88 669.22 0.53 4120.31
317.71 907.92 0.47 5169.15
790.03 430.86 0.29 5226.04
459.62 743.05 0.38 4841.11
761.30 625.60 0.38 4982.25
628.05 272.02 0.58 4687.00
883.13 513.58 0.35 5083.23
184.44 904.71 0.35 4901.69
896.06 478.75 0.51 3344.99
709.71 561.25 0.43 4911.84
85.87 920.97 0.38 6296.86
911.76 671.81 0.33 3948.07
40.67 690.77 0.43 5293.07
740.50 855.66 0.38 5401.77
815.42 309.90 0.27 6356.58
577.92 810.39 0.45 4982.37
523.23 796.73 0.38 5935.32
651.74 868.73 0.60 4134.30
932.58 632.22 0.32 5383.79
505.55 340.72 0.24 5561.37
922.00 572.02 0.30 5713.95
443.84 789.83 0.41 5007.36
920.10 179.15 0.41 5220.42
338.81 734.16 0.50 4655.30
268.01 947.80 0.41 3619.25
518.67 671.37 0.37 5288.91
302.23 570.20 0.51 5712.60
532.25 256.41 0.47 5036.67
781.86 373.22 0.50 5902.85
702.60 392.36 0.50 6269.47
104.28 110.57 0.41 6034.45
951.85 761.12 0.41 4009.39
470.95 436.52 0.37 3513.01
819.28 377.03 0.42 4350.29
629.96 736.65 0.46 3665.95
699.88 380.18 0.58 5926.83
873.83 224.90 0.36 6398.55
39.95 700.01 0.38 6983.79
319.73 563.96 0.57 5238.43
105.27 539.66 0.42 4417.87
206.25 322.93 0.17 4987.04
93.11 999.57 0.39 3255.41
775.15 538.77 0.29 4984.42
663.99 822.57 0.45 5558.91
992.07 107.23 0.55 4748.08
954.69 588.67 0.22 5163.21
333.54 309.15 0.28 4326.42
477.51 566.30 0.45 5138.23
282.47 596.02 0.55 4110.80
370.86 937.89 0.49 7425.99
12.62 348.92 0.33 5431.95
803.02 558.07 0.27 6162.33
709.85 255.64 0.45 3900.13
807.80 271.29 0.35 6318.67
938.87 46.58 0.50 3900.41
356.44 402.35 0.45 3886.39
255.44 648.75 0.42 4467.00
220.05 652.70 0.39 4584.22
123.47 419.05 0.11 3937.38
957.06 442.41 0.25 4389.17
