907.82 212.31 0.09 4201.02
560.76 261.41 0.06 5910.42
432.12 633.46 0.15 4806.83
554.89 157.54 0.17 5227.07
337.97 490.48 0.01 4140.78
44.87 331.87 0.06 4449.70
989.65 853.74 0.09 4848.40
576.73 851.37 0.03 5001.76
488.79 912.29 0.18 4533.17
42.77 172.39 0.07 6953.90
450.26 82.58 0.01 4926.15
250.07 961.90 0.09 5533.28
845.03 63.77 0.01 5297.76
736.33 848.94 0.12 5479.66
837.45 216.95 0.09 5042.68
260.35 682.54 0.15 4804.83
34.32 9.63 0.27 3677.18
355.52 443.22 0.05 4231.59
785.71 949.41 0.10 4194.71
246.94 662.78 0.18 5506.38
903.50 883.49 0.12 5552.81
146.71 647.93 0.14 4615.66
250.55 688.19 0.08 6640.79
971.50 663.01 0.13 5312.76
568.77 941.99 0.09 3647.00
248.64 845.82 0.04 6375.91
812.36 873.30 0.15 4845.58
383.39 933.77 0.22 4996.29
415.09 246.97 0.01 4877.77
204.99 928.55 0.16 4793.93
217.58 719.77 0.04 3059.90
150.86 356.85 0.08 3651.64
205.21 857.02 0.12 6577.88
984.55 156.45 0.12 6514.97
513.18 261.36 0.01 4802.12
966.69 770.19 0.11 4701.02
34.38 71.18 0.19 5884.55
53.14 191.03 0.12 4801.17
331.22 706.43 0.15 3485.19
233.91 180.37 0.10 4654.57
441.63 851.37 0.21 6660.62
722.25 291.17 0.09 5199.96
952.16 561.80 0.29 3913.55
704.87 29.01 0.03 4982.20
274.33 434.06 0.11 5413.40
971.78 147.91 0.01 4891.38
254.72 656.75 0.09 5312.53
913.43 951.65 0.06 4505.47
665.32 355.20 0.03 4121.23
821.56 555.56 0.09 5119.88
