680.56 756.91 0.36 4784.84
86.67 253.15 0.54 4437.30
264.79 635.41 0.38 3542.78
781.48 475.98 0.32 4534.00
830.91 946.87 0.50 4048.54
73.13 874.90 0.40 4693.74
343.61 428.46 0.46 3511.55
130.61 729.41 0.22 5102.56
949.45 941.06 0.36 4599.81
452.80 368.08 0.53 5580.38
379.93 27.04 0.41 5435.40
486.33 571.31 0.37 6486.47
541.43 112.88 0.33 5053.29
694.85 14.64 0.31 3561.03
666.06 196.63 0.26 5329.12
252.70 699.27 0.23 3585.58
599.75 793.79 0.45 3676.54
842.43 313.53 0.35 4177.87
350.41 685.91 0.45 4513.34
885.94 121.93 0.55 6073.28
639.26 388.23 0.47 3793.49
433.03 319.91 0.25 5604.57
265.02 350.51 0.43 5452.08
262.14 137.25 0.48 3924.88
781.87 894.29 0.48 7401.68
396.04 190.15 0.44 6931.50
57.23 840.16 0.56 4779.13
89.21 439.19 0.31 3756.04
348.10 710.25 0.46 4919.00
241.94 979.67 0.30 6499.14
979.32 290.38 0.29 6275.87
854.76 623.76 0.53 4234.29
653.92 334.62 0.38 5062.23
273.91 861.15 0.45 4679.27
486.95 751.65 0.51 5018.27
626.39 58.30 0.38 6511.70
537.24 434.48 0.22 4270.95
552.87 899.86 0.37 4787.37
185.85 439.23 0.29 5825.72
206.11 114.98 0.22 4701.14
623.04 281.57 0.35 5511.93
987.28 267.26 0.35 4345.76
920.13 37.42 0.46 5003.52
930.76 496.44 0.60 6069.41
273.23 156.40 0.30 6474.85
888.32 160.34 0.47 4266.81
405.08 762.67 0.51 4097.88
46.01 908.34 0.29 6796.67
894.59 728.29 0.45 4788.74
691.59 679.54 0.46 4744.03
