215.94 349.23 0.01 4393.25
498.32 954.61 0.04 3206.26
447.08 642.57 0.25 5500.64
521.87 276.34 0.05 4290.90
251.51 93.17 0.11 5811.00
803.80 641.50 0.08 3394.81
627.09 513.52 0.01 3694.07
756.49 761.62 0.16 3568.91
397.07 386.29 0.18 5342.41
292.93 949.68 0.12 4629.31
750.02 769.38 0.19 5894.90
55.03 525.86 0.15 4624.04
793.65 128.60 0.28 6687.99
503.49 421.60 0.22 4469.63
513.53 474.79 0.03 6246.49
225.39 36.44 0.06 6568.64
151.02 271.65 0.08 5021.33
122.84 919.87 0.06 3759.04
906.18 845.66 0.12 4364.10
252.09 137.84 0.07 5509.02
973.57 580.28 0.01 4704.20
536.37 436.84 0.01 5046.51
429.77 731.06 0.16 4338.12
167.05 794.75 0.07 3940.36
116.37 309.98 0.03 5371.09
135.58 828.02 0.19 6527.85
275.22 602.04 0.16 4149.72
487.76 18.72 0.05 4591.76
404.85 855.28 0.21 5176.88
85.72 254.28 0.01 6209.59
104.25 643.76 0.04 3405.07
406.73 469.96 0.08 4677.84
341.54 445.52 0.11 3270.01
363.05 64.13 0.17 4330.50
870.96 819.93 0.06 5627.08
212.29 913.54 0.18 5056.16
450.17 388.99 0.20 4920.46
295.66 255.39 0.09 4421.07
356.78 160.73 0.16 4749.88
534.76 572.07 0.05 5435.36
382.38 484.91 0.18 4077.98
398.77 872.12 0.09 3481.17
163.60 471.33 0.02 4181.16
733.86 290.69 0.18 4456.20
324.22 7.57 0.16 3518.90
162.81 238.53 0.08 4280.93
681.72 788.90 0.05 3351.49
69.48 333.79 0.33 6203.46
475.04 568.83 0.03 2716.46
887.85 263.00 0.02 3625.91
23.01 220.24 0.07 6546.83
264.01 402.33 0.13 4779.77
437.11 851.90 0.40 5179.53
908.37 136.60 0.23 4261.27
182.39 56.06 0.21 4620.37
352.86 345.84 0.20 4396.17
115.16 350.57 0.16 5056.88
963.24 385.25 0.28 4935.88
302.35 174.63 0.12 2861.03
275.40 916.98 0.23 4366.20
451.65 816.67 0.10 6493.65
874.70 687.74 0.16 5949.71
281.58 888.83 0.05 3317.81
774.36 730.07 0.23 6395.45
188.02 741.57 0.03 5078.16
37.55 271.62 0.07 5740.49
989.99 846.14 0.22 6022.41
722.30 814.94 0.03 5569.73
268.23 7.01 0.02 6449.79
746.67 776.02 0.19 5562.79
737.81 874.09 0.01 6218.57
530.68 205.81 0.06 5252.25
368.47 221.14 0.14 5185.49
548.37 251.34 0.01 4513.00
590.37 974.37 0.12 6446.54
120.94 521.70 0.24 3866.26
736.69 648.36 0.06 5690.74
554.02 219.87 0.22 5994.35
971.74 400.48 0.18 5607.39
509.05 649.26 0.03 5692.60
801.57 379.44 0.07 5031.98
184.68 943.24 0.05 5686.77
660.19 67.78 0.09 4077.48
29.94 511.45 0.13 4211.28
572.09 246.10 0.13 5350.54
74.32 319.44 0.10 4585.12
782.85 519.89 0.23 6081.48
20.77 898.59 0.03 3908.97
570.38 961.02 0.01 5922.44
383.81 928.40 0.31 4408.39
176.69 206.77 0.24 4752.31
844.11 825.22 0.09 4752.64
517.68 29.15 0.18 4994.76
866.63 405.98 0.03 3758.10
815.03 301.45 0.12 4045.41
846.45 352.73 0.05 4336.93
579.46 369.92 0.08 7865.48
140.16 899.25 0.27 4744.28
197.31 24.02 0.04 6637.49
223.32 39.60 0.05 4746.79
987.97 597.91 0.09 5257.58
943.43 213.23 0.07 5370.24
311.58 260.00 0.07 4429.28
780.40 985.37 0.08 6087.37
285.76 117.87 0.11 3698.67
682.74 470.54 0.19 5968.42
687.11 988.17 0.12 3780.12
533.95 847.93 0.12 4549.89
569.63 603.09 0.08 4413.76
437.10 519.88 0.19 5548.61
681.54 347.25 0.13 5296.66
708.33 562.64 0.15 4082.05
8.06 93.65 0.06 4759.09
43.70 961.67 0.18 6361.23
528.72 378.84 0.01 5797.15
785.67 960.31 0.02 6000.91
563.17 656.44 0.07 5636.20
863.59 105.38 0.18 4145.86
55.78 786.63 0.20 5334.97
21.92 563.61 0.19 5809.21
427.78 835.83 0.11 5151.17
662.10 858.04 0.27 4691.75
276.10 959.13 0.15 3670.11
912.18 751.43 0.08 5565.28
69.96 647.05 0.07 3169.37
81.08 248.53 0.04 4882.21
131.95 19.90 0.14 5770.28
230.97 781.50 0.08 5215.45
341.08 908.27 0.17 5316.85
586.20 343.23 0.03 3891.05
603.21 751.85 0.11 6559.24
502.75 898.52 0.25 3482.71
963.04 417.59 0.01 6969.95
807.50 554.03 0.09 5397.28
390.88 710.47 0.15 6912.69
223.62 865.70 0.07 5062.17
8.29 696.48 0.08 4494.84
382.19 862.50 0.04 4021.76
955.44 261.06 0.19 6093.85
795.24 477.19 0.12 6243.40
58.73 937.54 0.12 5126.16
91.62 932.53 0.15 6021.04
758.21 77.36 0.02 7055.45
238.97 745.83 0.17 6428.81
446.18 911.44 0.18 4560.07
977.37 77.25 0.01 4593.32
24.08 802.22 0.17 2917.46
86.83 661.66 0.05 4322.21
729.99 653.45 0.13 5099.76
961.74 721.60 0.17 4854.35
560.96 531.74 0.01 3683.13
341.57 522.05 0.08 4256.25
179.05 145.09 0.24 3496.13
905.40 1.79 0.14 5321.07
232.02 711.53 0.01 5756.89
815.08 119.32 0.11 5462.42
742.56 499.65 0.02 3623.12
875.35 83.89 0.05 2761.34
731.97 759.88 0.26 4566.75
786.90 920.37 0.16 3949.10
122.69 590.42 0.09 5917.49
982.57 230.35 0.15 4716.02
19.79 39.72 0.01 5396.39
552.71 854.65 0.01 3329.00
837.76 586.79 0.10 4599.81
187.53 488.86 0.25 5481.64
956.75 397.86 0.09 3916.03
699.04 753.73 0.13 5460.69
659.29 883.19 0.08 4189.33
382.85 519.39 0.04 3228.78
62.78 492.94 0.29 4951.18
568.35 825.36 0.04 5038.95
594.33 888.82 0.21 5593.92
650.51 720.07 0.18 5679.47
901.37 43.05 0.07 4041.61
671.86 989.45 0.17 4950.38
224.72 177.49 0.06 5847.94
98.15 857.55 0.15 3894.94
415.97 118.48 0.04 4612.62
491.11 825.73 0.01 4470.86
532.78 483.99 0.22 5922.57
750.33 445.94 0.08 6565.89
553.22 756.15 0.04 5301.65
627.22 777.15 0.11 4726.86
736.78 125.31 0.17 4569.75
62.64 461.59 0.01 3924.83
429.96 27.97 0.24 6012.53
517.78 964.47 0.14 5293.32
229.20 984.42 0.08 3393.06
469.18 854.49 0.13 5501.93
411.81 971.67 0.04 3723.03
785.06 819.62 0.17 5896.23
854.02 87.19 0.13 5222.75
456.50 601.83 0.05 6338.16
199.41 67.93 0.03 6191.43
339.02 597.54 0.14 5961.93
106.93 797.61 0.22 3652.04
17.64 130.67 0.05 4584.52
341.53 998.06 0.26 4340.55
187.04 994.90 0.18 6129.48
