492.99 472.09 0.47 4780.85
642.62 637.22 0.40 4948.42
724.42 398.68 0.41 4828.93
746.08 651.53 0.57 3241.90
674.97 609.96 0.30 4068.95
676.26 668.51 0.46 4893.43
843.24 541.19 0.47 7006.74
861.81 540.47 0.35 4230.92
513.96 182.25 0.52 6704.08
184.66 130.17 0.36 4540.28
515.47 803.83 0.43 5266.93
275.65 505.97 0.48 3953.83
923.57 105.29 0.37 4680.97
765.69 325.62 0.39 5488.00
796.62 60.80 0.40 5615.07
674.79 973.26 0.28 5012.25
796.18 659.56 0.33 4203.52
560.62 284.25 0.25 5056.40
86.27 425.48 0.38 6306.61
406.56 173.94 0.46 5210.88
172.89 867.86 0.47 5709.53
176.39 321.92 0.48 6155.02
439.99 49.77 0.32 5518.49
346.17 176.58 0.40 5126.33
655.46 41.87 0.41 3468.49
568.85 126.79 0.17 4851.24
688.37 265.07 0.54 5570.50
46.23 514.75 0.49 6510.38
659.93 431.99 0.44 4724.99
446.94 741.65 0.51 4183.90
256.32 698.91 0.58 4401.62
519.54 726.91 0.35 4653.23
976.96 777.21 0.37 4466.82
918.84 353.26 0.37 3574.80
175.89 72.33 0.39 4199.86
539.07 31.18 0.43 5611.67
117.29 598.49 0.41 5863.73
353.77 564.76 0.39 6445.73
536.66 595.91 0.37 4922.56
209.71 701.51 0.37 4621.35
531.69 203.86 0.29 6062.94
766.65 11.53 0.40 3818.29
998.70 855.49 0.29 4409.24
63.93 362.43 0.52 6156.76
986.90 518.65 0.37 5398.48
813.37 189.80 0.11 4014.88
590.92 485.79 0.43 3237.77
771.30 440.91 0.49 5267.26
467.60 751.18 0.38 4353.35
360.94 821.37 0.33 4767.86
398.68 597.31 0.33 4654.94
527.68 906.55 0.38 5318.52
47.43 818.25 0.31 4425.67
385.69 565.19 0.19 4820.33
213.47 698.11 0.39 4881.19
594.05 829.96 0.32 5990.27
542.63 854.12 0.50 4443.97
517.16 882.09 0.47 5152.79
167.91 60.42 0.36 5296.25
30.22 549.41 0.28 5233.88
668.87 140.50 0.44 5624.24
436.88 976.27 0.60 5939.83
70.71 521.75 0.54 4539.77
997.13 128.29 0.55 5093.91
749.09 701.82 0.46 6370.87
24.86 353.50 0.43 6497.74
227.94 790.88 0.20 4225.91
741.29 951.69 0.48 4328.18
926.76 59.46 0.38 4367.66
539.31 553.62 0.40 5054.97
544.58 539.44 0.26 7403.66
121.42 132.86 0.40 4323.82
757.14 922.24 0.50 4480.20
486.15 481.80 0.28 4533.60
106.47 891.15 0.54 4667.90
