848.43 797.50 0.49 3884.44
31.05 390.70 0.42 4578.14
544.26 963.57 0.35 4621.41
542.51 181.12 0.37 4562.27
483.35 33.27 0.49 5412.99
406.53 83.85 0.37 4778.44
46.74 401.77 0.50 3825.35
568.93 835.34 0.17 5501.41
276.61 681.76 0.31 5328.70
789.78 763.67 0.29 4181.24
812.29 434.48 0.32 5450.87
817.97 706.42 0.39 3932.36
642.10 216.23 0.30 3428.39
51.74 630.33 0.40 4396.08
696.89 109.20 0.50 5435.92
551.95 161.64 0.51 6925.35
205.51 968.27 0.26 4752.65
752.67 694.56 0.30 5102.92
426.01 39.86 0.27 4628.19
411.96 29.71 0.52 5804.57
423.47 624.60 0.25 5391.09
157.28 101.51 0.06 5788.37
938.75 713.25 0.35 4584.84
466.07 573.21 0.43 5829.89
246.75 215.17 0.34 5536.27
925.90 951.69 0.26 4794.30
536.86 223.92 0.48 4053.78
332.30 412.24 0.48 4393.90
47.82 218.51 0.49 6457.14
910.74 33.46 0.52 6272.67
308.99 800.17 0.36 6073.75
677.52 331.88 0.30 6534.82
19.82 920.70 0.34 5276.58
253.70 212.84 0.51 4702.75
502.93 17.52 0.51 4838.67
145.06 67.36 0.27 3239.77
538.34 65.44 0.56 6692.07
324.03 759.09 0.47 3981.43
952.55 392.81 0.53 3968.73
648.78 182.07 0.37 4632.51
523.26 929.01 0.49 5920.14
762.76 565.25 0.37 3694.06
559.31 592.89 0.24 5521.55
338.56 488.42 0.35 4510.32
87.87 952.18 0.40 6231.74
365.70 228.92 0.29 5386.53
852.69 748.04 0.44 5150.99
201.08 265.38 0.32 5576.73
31.87 790.77 0.24 5317.31
341.84 904.01 0.38 4291.62
282.97 583.79 0.38 6757.05
592.53 281.82 0.58 4499.89
41.68 703.85 0.48 4839.05
161.29 473.38 0.44 4097.19
588.83 455.39 0.48 5265.36
601.77 413.09 0.56 5511.16
971.31 631.41 0.56 7344.17
29.91 347.64 0.33 5303.93
198.37 107.69 0.47 3292.29
70.51 241.07 0.36 4343.92
906.88 967.14 0.38 3577.94
138.28 534.56 0.41 3150.30
918.17 238.06 0.36 7486.35
39.72 966.19 0.32 4691.85
507.88 969.30 0.44 5404.43
242.59 114.14 0.57 4133.99
856.12 265.57 0.37 4308.99
382.25 900.79 0.24 6113.39
725.30 986.69 0.30 2325.91
172.71 135.51 0.39 5227.28
455.50 554.15 0.33 5536.00
846.06 370.52 0.27 3062.98
686.43 358.53 0.34 4581.63
145.47 356.66 0.51 5080.05
958.06 670.72 0.57 5908.70
407.70 789.95 0.54 3257.71
940.86 836.91 0.35 5625.44
15.06 1.79 0.50 5577.54
209.92 906.95 0.58 5587.03
926.72 154.74 0.25 3808.13
124.44 754.61 0.44 3653.23
414.79 773.80 0.50 2735.16
148.52 48.73 0.26 5120.08
838.36 668.20 0.40 2782.46
685.46 469.98 0.56 4968.83
799.65 731.09 0.40 4129.46
709.51 80.45 0.38 6016.99
265.97 278.40 0.48 3785.77
460.18 419.91 0.43 3952.80
795.28 453.91 0.44 4846.27
312.42 741.58 0.37 4564.23
664.86 506.14 0.34 4790.36
986.35 931.40 0.47 3634.63
199.64 90.92 0.41 4680.90
419.18 56.94 0.56 4851.65
992.98 623.20 0.47 4897.81
977.02 139.07 0.24 4176.09
847.40 74.81 0.44 6438.32
937.78 859.81 0.34 5037.89
907.59 461.23 0.43 5273.94
699.23 665.87 0.29 5208.86
59.47 213.22 0.30 3477.39
133.43 275.65 0.36 6816.48
33.26 86.77 0.04 4948.09
601.29 63.21 0.57 5176.75
60.33 603.34 0.42 4808.41
108.34 337.70 0.31 5007.39
192.93 569.70 0.51 5584.39
392.97 628.90 0.42 5434.77
614.14 904.91 0.50 4443.45
536.38 777.58 0.35 5009.90
52.43 933.16 0.39 5170.16
849.24 692.48 0.45 5233.72
930.31 384.40 0.46 5384.70
700.17 597.04 0.31 4374.80
103.37 899.64 0.36 3055.87
687.83 889.77 0.41 4360.46
261.33 143.59 0.50 3908.39
351.32 170.03 0.33 5599.83
623.58 224.54 0.37 6193.65
663.06 957.21 0.55 5337.33
455.40 22.77 0.45 7878.10
536.84 600.93 0.39 4014.17
85.56 967.25 0.42 5763.60
79.57 470.18 0.43 3940.73
685.01 848.13 0.36 4936.06
335.58 814.61 0.39 5716.51
143.61 336.28 0.29 6839.38
603.20 204.51 0.38 3854.15
962.35 96.52 0.53 3915.04
989.55 380.30 0.41 5325.03
392.59 718.65 0.25 5246.52
639.31 23.08 0.41 5682.65
511.56 861.77 0.47 4596.22
537.48 208.45 0.39 3502.94
527.73 13.86 0.50 5331.70
315.80 843.51 0.41 5894.66
480.55 643.13 0.23 5607.17
328.88 116.83 0.37 6250.64
181.32 285.19 0.52 4380.97
598.26 918.29 0.52 5363.98
159.56 964.13 0.31 3905.11
648.00 519.23 0.56 6046.68
601.10 761.72 0.52 4658.60
632.64 319.28 0.48 5639.22
106.27 783.85 0.39 6388.57
3.45 757.48 0.54 3808.63
291.52 959.88 0.47 5393.85
431.49 955.71 0.44 3641.25
915.27 769.30 0.43 4486.40
