397.93 580.04 0.46 3770.72
605.38 322.77 0.20 3600.41
204.39 261.13 0.37 5550.98
105.67 236.02 0.44 7090.80
43.48 834.25 0.52 5487.67
810.90 525.64 0.53 5035.36
348.35 572.56 0.42 4121.12
32.69 8.75 0.43 4791.06
937.46 939.25 0.34 4437.30
648.41 812.04 0.44 4589.49
628.88 183.10 0.26 6033.78
277.85 777.72 0.12 5136.84
272.09 303.45 0.49 4695.96
638.01 542.56 0.41 4576.54
857.62 468.07 0.34 6561.11
738.67 568.54 0.37 4259.58
692.59 526.39 0.53 5289.99
713.16 657.08 0.33 6356.02
649.49 729.79 0.42 4442.94
145.03 774.20 0.38 4552.36
437.16 464.37 0.59 5098.83
0.66 665.78 0.27 4226.14
431.11 7.53 0.35 4304.41
116.04 896.64 0.50 5711.72
851.96 780.15 0.44 2649.56
