915.87 207.41 0.05 5460.50
882.41 171.73 0.05 4712.19
692.35 803.98 0.07 3853.32
249.83 911.41 0.05 5720.68
62.50 353.01 0.21 4818.17
176.47 120.73 0.14 5575.42
171.76 257.91 0.06 5195.57
78.59 507.74 0.10 4656.61
136.61 432.61 0.22 2950.61
407.25 743.08 0.14 6136.80
145.09 912.43 0.05 3079.00
744.27 822.94 0.22 4099.04
768.93 180.18 0.04 6678.69
375.39 487.68 0.01 3364.48
281.08 354.90 0.11 4809.60
767.21 466.27 0.28 5534.44
69.35 712.86 0.11 5251.82
456.15 722.23 0.05 3636.19
658.69 657.53 0.12 5865.58
809.29 843.54 0.01 4491.26
358.60 117.44 0.13 4566.50
995.14 70.34 0.12 4529.32
974.75 731.70 0.16 5081.31
161.58 967.71 0.02 3369.47
376.88 190.15 0.11 5189.81
845.85 270.28 0.06 5082.39
888.30 901.23 0.26 3739.17
816.42 551.75 0.02 4200.84
300.35 307.71 0.14 4730.22
430.57 517.19 0.10 6275.72
504.10 388.19 0.14 3885.71
504.67 737.23 0.06 6247.78
445.76 551.10 0.27 4600.02
927.95 424.53 0.07 5011.44
11.13 704.69 0.01 4693.35
134.53 879.71 0.03 3564.54
924.17 421.72 0.13 4216.76
861.76 249.54 0.01 7495.77
639.02 499.02 0.02 5962.31
859.81 713.93 0.10 4828.81
42.73 466.73 0.31 3973.13
267.19 976.59 0.33 5387.83
766.35 269.94 0.17 4883.72
204.02 793.00 0.25 5247.11
199.97 680.37 0.29 5570.89
154.66 464.34 0.03 5936.24
673.22 264.00 0.04 3759.51
838.04 527.36 0.21 4496.66
649.47 369.47 0.04 6446.90
270.95 52.07 0.11 3621.25
677.47 230.05 0.17 5212.88
7.48 19.71 0.06 6007.79
876.12 940.96 0.29 5579.44
537.16 980.52 0.18 3898.19
214.73 955.38 0.12 5521.43
326.95 995.88 0.13 5533.20
677.14 72.48 0.26 5355.82
657.67 903.87 0.13 5669.19
948.86 969.41 0.05 5462.09
968.85 952.64 0.33 4906.36
409.48 759.13 0.05 4142.83
812.43 569.71 0.19 5406.35
743.80 876.32 0.06 5595.97
404.35 629.94 0.15 4257.89
705.75 531.54 0.02 3179.87
861.40 624.94 0.13 4328.08
4.24 555.72 0.14 3705.66
607.27 595.94 0.12 4908.78
100.80 888.24 0.02 5631.39
617.88 51.67 0.04 5921.30
835.83 83.44 0.13 5489.11
203.16 9.27 0.17 3189.20
547.61 237.53 0.18 4968.09
653.02 44.57 0.02 5345.82
669.02 286.18 0.01 4789.32
354.30 969.23 0.03 3877.52
540.61 773.55 0.12 4570.51
235.79 165.15 0.13 4603.07
892.17 344.64 0.02 4564.77
54.14 67.65 0.13 4679.53
865.46 273.78 0.02 5975.29
207.66 690.24 0.20 5205.25
362.81 54.80 0.05 5947.91
733.60 892.53 0.14 6113.09
493.41 57.71 0.19 5399.42
766.12 251.39 0.08 7847.45
262.17 467.59 0.07 5554.45
169.22 991.51 0.13 4055.51
49.89 568.25 0.01 4419.06
327.90 984.29 0.04 4406.02
515.78 90.76 0.28 4385.84
251.32 973.97 0.01 4236.14
999.36 211.17 0.17 7242.85
828.05 391.60 0.02 4906.80
501.00 713.44 0.09 4991.76
71.79 246.45 0.07 5202.43
787.47 433.24 0.19 3940.63
503.37 430.50 0.09 5374.33
930.55 87.70 0.15 4085.94
685.77 453.72 0.14 6168.27
116.96 604.47 0.01 6479.24
81.49 819.96 0.08 6849.09
751.66 101.45 0.11 2800.16
332.33 141.83 0.22 4635.54
115.14 993.68 0.11 3390.65
137.17 693.19 0.08 4354.34
979.05 82.73 0.10 4558.34
797.48 15.16 0.03 4993.17
459.19 949.17 0.20 4053.88
700.71 512.08 0.08 4204.62
119.66 937.74 0.07 5626.08
59.20 29.24 0.12 4317.46
669.83 809.83 0.21 4047.50
815.23 335.70 0.03 5742.47
989.07 879.71 0.06 5258.83
164.45 125.55 0.03 3698.90
485.19 295.31 0.02 6122.22
361.48 961.74 0.04 4924.35
440.49 949.17 0.21 5070.31
488.65 533.04 0.15 6858.57
903.55 573.15 0.03 6217.08
615.32 420.12 0.13 4563.98
981.93 7.94 0.10 5824.94
752.82 18.19 0.02 4533.36
24.29 493.52 0.08 6182.28
832.01 421.79 0.27 4045.96
7.70 968.58 0.12 4839.15
953.01 853.73 0.34 5813.21
913.48 853.61 0.01 6303.74
496.31 516.83 0.04 4478.05
903.93 772.13 0.19 6302.84
260.85 120.20 0.12 6339.03
691.46 410.29 0.09 5977.03
257.93 42.61 0.31 5383.23
622.77 38.11 0.04 3591.68
451.79 23.71 0.28 4637.77
886.28 530.75 0.01 6674.13
19.57 114.36 0.07 4178.08
799.05 152.11 0.03 4859.51
923.31 1.63 0.17 5647.51
585.91 873.52 0.10 7106.12
622.07 725.38 0.05 5228.63
258.27 203.62 0.10 4515.67
283.77 565.52 0.18 5781.87
493.07 135.87 0.05 4673.97
671.05 3.43 0.06 4264.71
38.08 62.32 0.06 5653.16
511.12 591.96 0.22 4053.11
779.67 861.33 0.03 4331.78
377.26 862.77 0.11 5798.31
