39.49 238.22 0.25 5797.40
797.47 60.54 0.36 3580.66
886.76 341.39 0.34 3567.58
832.12 176.64 0.24 5908.87
450.36 79.94 0.42 5052.79
83.96 500.41 0.40 5407.27
614.30 913.18 0.43 5953.67
209.37 944.48 0.53 4422.13
699.73 716.72 0.43 5352.76
220.32 241.20 0.39 3155.28
63.58 687.35 0.43 3123.34
4.92 975.29 0.39 4579.07
793.04 189.07 0.38 4711.74
366.84 944.55 0.38 4173.01
683.95 435.31 0.37 3544.48
735.13 82.09 0.38 4742.90
293.77 469.62 0.31 3771.09
804.48 106.50 0.43 5680.33
759.17 521.21 0.48 3693.49
759.42 68.77 0.46 7231.97
897.74 182.18 0.35 4506.90
851.36 716.38 0.36 5687.25
254.73 254.72 0.40 4280.62
653.06 663.58 0.27 3978.05
346.25 666.90 0.40 4951.49
896.05 615.59 0.34 4782.10
645.61 181.16 0.37 5981.78
643.91 562.17 0.50 3723.91
195.81 615.58 0.33 5556.08
645.12 580.72 0.52 4972.65
647.13 513.31 0.56 6898.13
804.44 120.63 0.49 5465.28
803.82 840.14 0.25 5938.39
672.36 164.44 0.53 5184.66
460.65 781.79 0.49 3278.04
317.37 779.21 0.56 5651.23
545.22 374.38 0.22 4527.97
555.03 701.26 0.58 5217.43
870.90 975.04 0.38 6020.99
263.56 772.55 0.53 5018.78
954.61 432.10 0.40 6195.83
547.82 242.13 0.38 4708.14
759.28 488.51 0.33 3617.50
262.64 575.45 0.28 6359.44
56.44 483.74 0.38 5104.80
43.11 536.67 0.52 4690.82
626.92 877.86 0.27 4748.72
394.60 79.66 0.29 5138.55
320.20 812.56 0.35 5138.99
720.36 898.65 0.43 5967.41
363.55 839.49 0.38 4338.31
922.89 456.62 0.23 5714.01
488.05 395.91 0.30 5475.74
862.30 396.88 0.44 4225.76
738.80 776.73 0.36 4986.33
56.52 932.41 0.25 6894.51
925.12 897.48 0.43 5334.72
218.73 542.84 0.46 5378.28
400.98 188.26 0.38 3706.12
360.08 963.09 0.27 3814.18
367.24 615.87 0.42 5670.11
674.11 246.21 0.43 5307.54
570.48 930.40 0.41 5437.49
292.70 860.47 0.42 5712.95
515.32 52.18 0.34 5927.14
106.26 248.62 0.30 6728.41
808.44 673.48 0.33 6715.84
999.68 378.35 0.27 5759.69
83.71 390.26 0.28 4570.29
173.69 184.43 0.50 5148.09
301.44 729.65 0.37 3786.29
643.82 180.75 0.45 4504.93
878.12 113.25 0.15 5324.62
670.00 672.74 0.43 3393.13
740.10 336.46 0.50 5832.35
686.36 193.13 0.18 5139.50
363.96 982.55 0.35 6127.65
328.12 987.66 0.46 5541.38
78.84 926.22 0.12 3116.57
624.10 819.29 0.38 5738.03
562.89 647.75 0.41 5134.94
72.14 565.45 0.33 5996.61
561.04 544.37 0.45 5893.11
354.94 208.16 0.44 3268.55
626.78 570.91 0.41 4453.64
80.91 760.63 0.49 4453.20
383.86 83.78 0.33 6598.24
99.95 915.28 0.21 3693.59
107.61 424.86 0.37 4753.46
666.54 786.40 0.47 5502.27
1.60 386.94 0.52 5771.20
803.10 518.52 0.35 6264.83
198.76 146.46 0.49 1364.84
348.64 861.23 0.47 3895.46
336.49 118.94 0.23 6535.30
916.55 586.09 0.54 6943.16
458.25 405.17 0.33 5217.02
315.04 461.02 0.47 3972.39
344.40 435.31 0.36 6925.38
871.52 94.03 0.35 4459.17
954.38 507.24 0.47 5610.56
588.51 726.21 0.35 4246.25
352.44 879.43 0.45 3968.81
739.46 536.52 0.34 5837.49
959.85 356.45 0.32 4989.63
136.50 858.91 0.30 4533.73
782.16 247.08 0.33 4629.48
247.01 814.07 0.42 5297.99
27.29 68.36 0.46 3812.37
456.45 251.99 0.32 4907.40
571.82 823.80 0.28 3967.78
363.78 813.48 0.45 3937.67
967.02 916.58 0.39 4423.74
641.57 175.03 0.32 5747.76
68.07 305.23 0.44 5641.93
67.41 72.81 0.48 5152.14
456.87 294.72 0.27 4587.38
478.26 799.17 0.32 4298.86
346.72 116.39 0.40 5818.76
423.53 123.62 0.44 4716.02
998.91 431.70 0.57 4707.45
752.01 198.62 0.25 4942.89
872.02 985.42 0.52 4760.47
872.04 346.10 0.18 5995.41
297.48 367.24 0.42 5706.21
824.33 841.34 0.56 3627.77
273.05 8.52 0.45 4132.84
581.34 588.32 0.44 6125.37
843.00 490.70 0.38 4152.95
501.34 137.53 0.38 4855.73
156.33 432.80 0.37 4036.97
614.71 885.75 0.28 4456.03
994.30 748.84 0.38 5718.11
827.95 43.08 0.30 4980.20
43.88 243.72 0.34 4804.94
621.79 267.66 0.51 3793.17
661.33 21.09 0.07 3769.79
599.79 264.38 0.41 6440.89
270.96 24.33 0.27 5981.77
535.13 202.68 0.44 5564.62
442.22 195.11 0.19 6134.41
140.55 339.30 0.38 6756.17
739.99 163.08 0.42 2740.38
290.18 460.56 0.55 4513.44
127.82 317.90 0.39 6129.57
163.72 270.93 0.39 5349.26
333.11 251.66 0.43 5572.08
187.08 287.48 0.30 4936.93
784.75 404.36 0.38 6186.03
537.11 45.67 0.44 4681.08
108.26 999.47 0.29 6118.98
977.80 674.02 0.34 5754.51
831.08 264.33 0.50 3493.91
336.89 895.66 0.37 3936.01
663.68 727.35 0.47 6567.06
960.95 259.28 0.28 4073.61
950.91 623.37 0.47 3388.29
142.15 569.79 0.37 6499.45
475.68 266.27 0.53 5080.28
980.25 62.97 0.26 3905.86
543.48 983.74 0.40 5742.58
646.48 516.06 0.45 4558.50
997.69 111.49 0.48 4910.47
511.34 930.68 0.50 4564.48
880.53 271.01 0.47 5011.52
435.23 460.93 0.46 6071.39
650.52 931.25 0.42 4058.69
570.79 204.82 0.49 5588.84
181.02 557.65 0.46 5016.08
384.26 536.63 0.48 3709.57
208.61 510.23 0.29 5446.47
600.26 838.16 0.51 5956.53
391.64 466.37 0.34 3199.23
15.06 635.62 0.17 3518.42
926.30 990.03 0.47 5501.69
