608.20 947.72 0.07 5722.43
420.13 250.92 0.19 2800.63
186.94 261.75 0.11 5443.16
813.48 816.28 0.08 4508.78
166.71 509.74 0.16 4394.49
828.17 825.62 0.08 4286.63
171.05 935.85 0.11 6154.56
744.28 391.07 0.09 4770.90
140.22 989.11 0.05 6810.74
243.34 225.48 0.02 4849.45
495.81 817.55 0.21 6061.48
338.32 18.14 0.03 6914.78
30.58 644.98 0.03 4140.65
75.99 951.14 0.06 3568.67
13.25 662.62 0.04 5457.18
703.66 516.39 0.07 5592.78
828.40 520.03 0.06 6269.87
264.77 955.44 0.24 5298.51
476.22 52.36 0.04 4317.24
854.96 74.11 0.03 3902.74
434.69 556.19 0.06 4703.69
346.11 433.18 0.23 4741.92
810.82 244.72 0.04 5929.63
42.43 868.90 0.07 5570.37
719.33 323.45 0.07 4327.75
994.71 308.11 0.19 3529.25
578.07 20.81 0.14 4491.95
702.10 444.43 0.03 4815.23
653.11 217.58 0.08 4810.10
294.07 235.45 0.19 6468.65
618.00 602.46 0.03 3801.78
901.50 699.32 0.07 3624.45
705.64 893.64 0.17 4968.79
647.91 612.14 0.08 3617.98
987.17 139.08 0.17 3710.43
884.47 433.41 0.20 5739.65
18.13 309.25 0.11 3176.96
76.83 873.75 0.21 4409.64
871.65 549.44 0.05 4193.76
304.95 726.70 0.16 4265.92
50.14 739.95 0.09 5328.96
316.68 149.46 0.04 5242.06
701.98 71.95 0.07 6296.29
727.97 236.70 0.11 3987.16
759.42 635.50 0.09 5500.67
619.87 722.26 0.01 5653.03
488.20 544.65 0.27 5346.00
790.20 883.79 0.06 6632.05
288.66 627.30 0.13 4225.98
879.82 293.90 0.13 4364.03
388.53 509.12 0.15 4927.59
154.42 195.87 0.04 5134.17
537.99 156.83 0.18 4348.52
289.87 208.26 0.20 5597.75
46.31 914.43 0.21 4615.10
739.97 39.33 0.20 5100.09
454.25 376.27 0.04 3084.87
534.50 293.31 0.03 3780.65
378.52 441.74 0.03 5459.81
28.52 704.56 0.07 4858.06
169.66 463.28 0.22 4292.37
423.05 705.02 0.03 4947.63
721.31 290.64 0.07 4540.56
522.23 679.85 0.08 4145.97
872.21 696.56 0.01 6728.36
278.36 687.35 0.03 5718.07
73.51 107.56 0.06 4294.28
125.62 705.93 0.16 6027.84
592.61 372.62 0.13 5077.70
514.07 661.88 0.02 3937.98
639.07 575.09 0.27 4878.12
912.86 287.89 0.03 4841.16
49.01 190.36 0.13 3200.02
216.57 760.90 0.01 4498.87
887.63 947.33 0.17 3901.14
667.36 670.83 0.11 4879.42
625.87 296.41 0.06 5436.99
947.50 2.63 0.21 4838.57
52.75 830.79 0.11 4630.87
575.74 885.24 0.20 4021.00
707.79 251.86 0.20 4994.35
317.63 31.38 0.02 4517.56
848.32 570.20 0.09 5925.02
677.31 177.82 0.01 3461.47
152.53 832.97 0.03 5167.22
603.47 614.83 0.16 4868.95
872.52 187.61 0.09 6450.90
305.96 679.39 0.07 3665.56
498.03 679.92 0.02 3526.65
117.28 9.38 0.02 4815.61
882.29 318.60 0.03 6300.85
233.60 813.90 0.10 5538.39
374.98 361.29 0.08 3069.04
2.98 726.11 0.16 4468.96
799.86 824.21 0.01 3235.89
132.59 99.37 0.10 5984.23
320.46 197.77 0.12 5777.22
491.66 5.38 0.04 5640.81
355.32 556.46 0.13 4806.53
462.41 983.30 0.01 5044.95
906.83 552.37 0.01 6621.35
782.03 109.93 0.08 3309.60
116.04 274.92 0.19 5445.51
161.81 857.41 0.09 4406.81
533.13 224.44 0.16 4088.04
38.11 208.93 0.23 6441.37
671.03 675.16 0.02 4955.63
236.07 546.50 0.11 5616.98
713.53 169.66 0.16 4635.29
308.77 962.95 0.08 5623.43
926.27 705.57 0.20 5634.58
859.76 363.17 0.14 7170.62
197.26 99.44 0.10 6461.89
449.93 617.03 0.08 6271.48
44.08 137.59 0.04 4984.42
660.25 784.83 0.09 3721.59
695.11 869.30 0.18 5941.62
41.86 427.10 0.18 4575.96
334.00 599.94 0.17 4952.06
789.21 272.12 0.11 3342.52
863.69 169.85 0.01 5418.20
502.05 363.15 0.14 5919.53
975.69 727.89 0.19 5626.42
578.24 898.79 0.11 5096.76
809.43 170.59 0.16 5176.21
