312.86 326.12 0.08 1600.71
157.28 199.30 0.06 7120.71
964.77 186.13 0.12 6600.59
683.01 939.09 0.18 10284.68
451.26 610.96 0.07 2442.48
353.38 349.44 0.01 10759.34
259.59 975.40 0.03 2903.80
981.50 785.34 0.20 7081.86
367.04 335.55 0.14 5165.86
356.27 243.36 0.10 6850.64
46.11 293.60 0.01 9215.80
897.42 779.89 0.02 5471.61
480.73 365.21 0.20 5492.68
881.41 60.28 0.16 1654.11
780.97 923.68 0.05 8585.03
627.11 934.56 0.19 5405.99
370.30 57.65 0.11 5700.84
466.81 625.39 0.19 6012.41
627.18 145.40 0.29 7254.55
111.13 267.50 0.11 9166.38
372.37 236.76 0.05 7108.46
889.93 660.17 0.23 2391.57
780.29 848.43 0.24 6599.93
367.09 12.23 0.01 4891.44
639.65 263.33 0.14 8746.06
732.02 271.41 0.07 7422.62
161.03 60.92 0.19 9351.24
533.95 191.20 0.20 8992.41
671.23 867.68 0.11 9128.28
472.90 844.83 0.10 7610.53
95.84 767.73 0.36 6654.69
861.81 683.64 0.20 5011.17
401.66 945.54 0.19 10777.10
59.34 788.57 0.18 7672.30
682.82 749.30 0.10 6805.28
506.89 500.95 0.17 8761.89
740.52 745.28 0.21 3500.01
573.85 167.17 0.23 7463.14
486.32 294.55 0.02 10513.35
35.45 780.19 0.08 8348.61
897.79 812.33 0.19 3264.35
907.55 958.88 0.10 6677.07
316.51 41.98 0.11 3236.21
762.70 259.09 0.21 9767.14
451.60 435.50 0.12 1213.23
398.42 161.52 0.13 7838.59
158.41 747.82 0.08 7035.04
175.03 561.13 0.02 9076.80
125.50 748.48 0.01 10142.70
612.74 713.48 0.09 5403.25
969.59 859.60 0.01 946.96
708.36 429.90 0.11 6517.08
272.32 71.45 0.24 5319.61
772.14 208.42 0.04 3788.08
116.02 918.24 0.07 6892.66
439.12 419.73 0.04 10009.03
172.44 818.70 0.08 7243.13
125.34 276.68 0.19 3308.35
79.50 344.51 0.14 2891.33
441.77 429.57 0.07 5192.81
425.03 251.86 0.07 7662.95
967.89 783.13 0.19 10742.44
581.91 286.63 0.19 1317.88
467.77 351.90 0.12 8372.58
445.55 560.46 0.22 6852.55
290.16 589.27 0.01 3256.12
88.23 632.35 0.03 2538.19
119.24 982.75 0.03 2394.27
639.26 189.28 0.14 6320.92
383.37 669.16 0.16 6870.76
32.58 342.78 0.15 4785.34
718.73 776.76 0.03 4246.14
67.46 403.80 0.03 2961.95
54.83 801.23 0.03 7217.32
184.58 16.29 0.16 2295.08
0.49 607.84 0.20 6499.94
833.77 393.16 0.16 6827.89
281.49 245.67 0.04 7951.89
312.99 80.51 0.06 9556.15
991.01 830.34 0.07 6122.38
628.70 546.46 0.01 5780.71
215.38 676.11 0.01 1967.05
894.68 384.30 0.06 8152.13
779.94 299.41 0.05 4331.29
84.36 247.04 0.18 2226.57
326.04 82.75 0.14 10530.25
570.10 529.34 0.05 781.62
92.08 341.57 0.08 1486.52
879.56 369.72 0.03 2942.75
899.23 510.82 0.26 4754.31
498.08 254.31 0.08 10239.56
361.05 514.54 0.07 4859.96
243.88 331.10 0.15 9142.66
770.80 924.97 0.17 3913.95
626.20 44.59 0.11 4853.29
933.42 72.21 0.08 10192.51
340.04 769.95 0.06 5133.83
116.44 648.41 0.03 3090.46
869.45 423.84 0.03 10792.18
458.65 987.68 0.17 3411.83
40.46 697.10 0.19 6923.02
719.87 789.10 0.11 8103.39
431.57 86.70 0.02 5159.01
387.69 282.20 0.14 2653.79
969.15 542.94 0.08 1238.75
160.76 202.82 0.24 4030.05
53.09 540.66 0.14 3158.01
88.79 508.25 0.19 5057.32
653.40 936.88 0.25 4480.19
329.49 889.76 0.06 3862.23
325.29 156.13 0.16 10451.58
218.13 583.60 0.14 3549.68
785.86 157.53 0.30 1606.22
920.74 111.18 0.08 4610.82
925.39 513.97 0.15 7364.55
915.51 767.20 0.14 10700.72
978.69 27.33 0.01 2689.36
520.94 217.43 0.08 8213.22
657.56 597.69 0.02 6749.79
514.65 666.02 0.02 3701.75
36.61 928.37 0.27 10607.57
896.70 278.12 0.13 7605.04
699.24 791.19 0.29 10621.92
147.28 160.31 0.28 7131.40
828.37 992.30 0.33 4678.62
841.16 657.08 0.02 4639.54
566.24 360.55 0.29 2603.34
360.87 223.76 0.07 2663.08
725.08 580.39 0.09 9544.78
505.17 985.07 0.02 5778.89
384.43 459.00 0.03 1678.71
791.57 676.45 0.01 10474.37
704.85 466.41 0.15 4604.77
193.22 200.34 0.08 4730.52
280.33 434.38 0.17 5470.51
9.46 333.26 0.23 5001.34
644.19 367.41 0.06 2603.01
703.54 244.62 0.01 1169.99
912.81 560.74 0.02 2958.24
723.07 146.68 0.30 9403.69
657.13 337.08 0.04 2520.11
84.98 987.77 0.24 8730.57
127.46 663.40 0.23 6482.09
334.47 772.12 0.15 10364.57
952.60 814.36 0.05 6647.00
523.85 451.64 0.19 8584.11
100.21 776.68 0.14 7914.47
496.93 605.11 0.13 6718.22
824.28 582.90 0.03 2292.37
279.66 264.76 0.30 4924.57
