712.87 922.82 0.23 7594.82
517.78 194.75 0.13 4806.97
748.24 127.05 0.12 10633.99
498.44 812.56 0.07 7966.29
778.69 849.57 0.03 6687.31
40.01 175.98 0.22 5339.86
371.50 543.88 0.22 10011.44
338.25 631.94 0.04 9034.51
813.70 247.53 0.24 9277.20
637.71 11.36 0.33 1534.30
298.76 136.32 0.04 5756.29
981.71 380.12 0.10 7959.75
708.94 183.87 0.08 8936.26
912.73 427.72 0.09 4258.53
345.89 247.68 0.35 3534.33
107.29 895.11 0.27 4018.05
224.05 170.49 0.01 9058.18
645.04 933.62 0.33 5913.90
992.28 177.40 0.05 5738.38
107.35 672.01 0.11 6517.35
195.68 485.99 0.06 4881.15
620.30 841.31 0.24 2944.00
433.75 781.81 0.20 10635.60
507.25 826.01 0.05 4973.39
338.82 477.37 0.04 9686.44
554.78 247.43 0.11 9213.61
340.44 565.31 0.12 7344.14
758.90 109.62 0.22 3998.03
950.03 64.95 0.22 2262.62
68.47 916.36 0.07 8488.61
931.47 628.36 0.03 1211.66
261.41 255.66 0.12 703.13
849.19 882.41 0.13 7937.66
871.40 414.84 0.01 5146.42
713.85 77.44 0.16 9704.61
496.75 601.70 0.01 6709.15
555.53 835.99 0.07 9645.74
628.54 971.42 0.01 7329.78
764.39 0.47 0.11 6825.11
710.69 151.98 0.08 7171.20
368.04 50.13 0.21 2486.41
124.50 80.56 0.17 3519.43
481.99 141.09 0.14 8547.37
994.44 258.68 0.12 1360.65
481.30 524.49 0.36 6357.47
378.85 436.82 0.06 7724.79
546.74 254.66 0.20 8102.80
785.89 347.66 0.10 1740.56
561.80 189.69 0.11 8743.19
43.04 40.00 0.06 8604.46
0.99 437.99 0.17 3217.41
837.46 747.68 0.20 3082.75
866.99 679.33 0.06 6063.44
297.32 605.74 0.13 8688.02
996.82 670.03 0.04 6573.36
499.00 493.05 0.28 1170.55
721.22 835.95 0.08 8993.17
108.78 88.44 0.19 3020.86
153.73 309.38 0.13 7751.50
219.24 240.02 0.09 8786.98
573.48 673.17 0.02 7409.21
731.09 915.59 0.01 4097.66
797.50 582.46 0.04 2815.01
521.44 926.81 0.09 8805.68
186.91 14.22 0.14 6810.99
379.45 347.03 0.06 10628.20
38.06 297.21 0.10 7435.56
908.19 468.31 0.19 5500.97
946.08 544.42 0.20 9356.80
261.81 725.13 0.12 6368.89
652.03 38.53 0.03 8940.70
857.57 676.80 0.02 735.47
55.90 510.86 0.03 7278.23
465.42 487.50 0.20 5368.65
445.57 741.54 0.06 2508.22
246.10 25.64 0.24 2109.44
285.09 817.14 0.06 2428.98
454.27 479.75 0.09 5247.81
941.27 871.40 0.01 4583.54
54.73 346.15 0.09 6239.76
487.84 170.32 0.19 10191.46
498.35 266.49 0.18 10596.90
828.02 369.69 0.09 7619.93
168.26 770.91 0.23 3892.98
645.88 702.95 0.12 10339.00
172.27 784.30 0.03 6332.02
160.48 89.65 0.09 8367.78
258.88 487.43 0.12 5383.90
164.91 498.74 0.12 3018.63
557.67 173.70 0.10 9356.00
735.88 463.11 0.20 6229.30
992.38 537.94 0.11 2317.91
394.38 14.73 0.10 6665.27
546.76 732.84 0.17 2390.50
503.60 583.11 0.11 1709.44
674.40 935.58 0.33 2788.91
869.39 858.65 0.10 10603.34
910.02 961.17 0.10 10224.63
446.88 654.07 0.05 4168.07
205.58 73.32 0.09 7403.65
691.98 379.18 0.22 3370.96
699.51 472.49 0.06 3401.71
648.95 823.24 0.02 3065.50
311.12 972.73 0.10 8238.66
812.15 94.54 0.12 10366.88
998.94 368.11 0.14 8006.89
283.45 230.76 0.25 7475.10
730.78 286.20 0.19 1929.24
485.63 675.29 0.10 4974.23
580.15 252.58 0.13 2147.49
685.26 452.17 0.16 5909.84
632.45 410.14 0.13 8580.42
425.50 594.29 0.06 3718.55
933.65 420.58 0.12 2475.13
966.90 684.40 0.18 1860.35
196.08 439.34 0.09 927.44
197.85 602.18 0.21 9159.98
134.33 824.43 0.12 1942.73
541.31 579.54 0.01 10493.58
761.49 426.10 0.15 4686.27
954.43 739.36 0.21 2578.95
626.02 482.52 0.03 1312.34
132.02 833.80 0.11 3247.79
129.79 882.78 0.09 3047.99
243.59 151.74 0.02 4352.59
