869.85 912.64 0.01 9184.86
92.73 383.01 0.12 9268.81
571.67 459.55 0.18 2699.83
508.65 320.27 0.17 1770.77
471.25 347.01 0.21 2854.57
621.51 815.04 0.16 9620.73
142.31 486.90 0.03 1607.33
976.67 473.37 0.01 7561.14
57.80 616.62 0.02 2267.47
341.78 379.34 0.09 3262.64
658.47 221.77 0.22 4811.33
787.43 86.53 0.20 2315.64
363.79 632.23 0.05 8084.35
317.66 341.82 0.04 4721.99
151.49 34.55 0.13 8953.05
938.00 169.89 0.06 3191.27
109.96 137.73 0.01 1549.18
405.14 16.74 0.07 6933.29
48.91 724.84 0.21 8090.34
987.70 506.72 0.06 4931.29
790.27 816.77 0.10 1955.67
199.52 18.52 0.02 1733.81
86.54 765.44 0.11 2112.29
753.14 34.93 0.09 10572.84
999.14 539.48 0.16 704.91
68.47 361.48 0.07 976.72
833.83 679.89 0.22 5684.61
561.39 79.51 0.09 2990.28
515.67 227.52 0.03 10140.49
995.10 311.38 0.01 6096.47
503.96 109.86 0.26 3431.87
315.11 369.93 0.10 4403.11
515.88 649.07 0.07 7010.81
195.63 321.17 0.06 7108.40
720.31 479.93 0.18 7121.61
947.21 489.12 0.13 6901.18
568.34 899.58 0.16 1274.94
137.47 333.77 0.10 3760.90
169.28 591.12 0.16 10150.57
912.19 835.65 0.07 9451.33
543.29 68.39 0.27 1242.45
604.46 379.26 0.17 3226.27
89.07 306.42 0.29 667.72
891.42 281.81 0.07 7925.84
112.91 173.77 0.15 6870.23
854.14 154.61 0.03 5018.11
869.96 51.96 0.04 2280.53
313.20 261.56 0.11 9359.65
390.07 441.79 0.03 6870.66
955.54 658.90 0.11 6261.76
907.07 63.89 0.14 4149.90
376.91 821.14 0.15 7646.34
193.07 416.78 0.02 2706.59
203.98 835.96 0.01 10037.43
345.92 492.94 0.04 8422.58
981.40 170.30 0.08 7413.31
128.17 599.50 0.01 4592.06
987.03 236.67 0.04 5976.00
113.43 641.80 0.18 4965.02
510.84 766.00 0.07 7731.60
630.17 239.73 0.13 7656.68
499.70 984.23 0.18 6056.82
164.18 546.06 0.26 10082.55
332.50 666.95 0.16 6347.21
644.24 886.43 0.18 4378.73
107.06 890.18 0.04 10254.24
604.77 126.61 0.05 10297.54
62.22 208.60 0.11 4201.75
899.80 37.35 0.15 2560.21
932.45 164.84 0.06 9525.82
76.63 89.30 0.01 10627.99
988.35 194.84 0.07 6056.63
719.30 645.47 0.01 3645.61
765.57 498.79 0.25 5492.06
231.03 768.51 0.17 5253.71
327.23 291.31 0.10 7073.02
67.28 936.21 0.17 2311.92
192.00 593.94 0.19 2460.16
264.48 813.83 0.16 5123.76
613.54 352.52 0.20 9570.59
117.43 792.36 0.19 9645.49
342.79 205.98 0.11 6966.97
818.68 350.57 0.16 5574.38
367.29 31.22 0.14 8325.51
41.19 254.62 0.07 10758.95
811.60 691.57 0.24 9034.69
397.81 595.32 0.15 5894.92
419.77 759.02 0.25 4023.70
715.04 425.21 0.07 6736.95
920.22 617.03 0.17 5829.73
717.60 292.93 0.29 7326.62
656.85 819.35 0.06 1561.06
268.73 111.43 0.19 3707.33
943.28 43.32 0.10 7640.60
876.42 375.63 0.11 3107.81
807.80 532.30 0.02 1171.61
19.60 350.72 0.06 696.30
651.45 567.44 0.02 9948.25
224.53 232.78 0.25 6129.30
802.12 137.09 0.04 7034.84
