661.46 852.38 0.14 9345.40
748.09 461.72 0.12 9780.35
594.66 876.96 0.07 10104.46
175.31 940.58 0.13 4523.54
411.68 864.95 0.27 7137.42
164.67 118.14 0.05 9189.02
276.09 74.53 0.01 6309.46
828.59 812.21 0.03 5541.26
262.48 906.77 0.03 4981.76
580.69 654.25 0.14 8433.08
860.06 820.11 0.10 7649.42
353.53 34.11 0.20 4668.39
485.78 597.10 0.04 718.91
863.98 11.40 0.21 6572.66
180.06 913.22 0.11 6545.64
409.80 924.12 0.08 8039.38
954.35 66.10 0.13 10396.47
518.29 538.84 0.17 6317.42
984.05 511.10 0.09 8312.27
862.09 624.28 0.19 8644.58
631.73 147.17 0.23 7280.53
233.34 377.83 0.03 1957.06
182.16 129.18 0.21 10393.87
797.40 796.54 0.11 9501.28
490.20 136.31 0.17 7336.32
890.69 755.30 0.11 2813.10
217.69 518.51 0.10 6377.69
372.27 779.20 0.11 6855.03
849.87 340.97 0.03 6627.02
161.91 952.26 0.06 7393.90
59.05 286.95 0.12 9548.58
716.00 517.54 0.06 7453.31
614.07 299.61 0.02 1861.66
816.16 214.45 0.01 2809.36
991.23 357.26 0.18 9375.32
604.87 645.54 0.29 10090.95
375.38 892.33 0.04 1405.91
870.44 646.83 0.13 2264.36
347.67 472.37 0.01 8838.29
981.73 639.67 0.05 5318.36
992.73 577.50 0.12 8056.11
946.43 573.64 0.01 6656.59
956.88 579.36 0.24 9155.65
459.02 667.76 0.03 5921.17
773.20 439.84 0.01 5787.04
654.15 30.59 0.30 2445.65
480.84 280.83 0.16 1239.67
767.48 714.84 0.08 8951.08
896.14 410.79 0.14 1761.61
978.31 831.80 0.08 1591.40
987.91 923.72 0.15 1386.59
740.53 896.72 0.05 8632.27
19.57 472.50 0.03 2979.85
969.99 897.51 0.03 6926.20
218.92 54.39 0.23 7440.10
965.44 732.19 0.04 8569.94
601.69 980.03 0.07 5112.05
116.60 425.11 0.07 2265.97
790.53 136.87 0.13 8103.01
65.69 147.60 0.01 9448.47
217.38 819.10 0.30 5604.33
625.93 732.14 0.19 10290.38
124.51 533.83 0.13 8054.76
671.33 643.54 0.09 7693.02
372.73 382.77 0.09 5966.41
573.66 583.70 0.17 2322.18
42.05 349.76 0.15 6456.08
339.43 866.54 0.23 2004.06
713.01 427.11 0.18 7084.58
801.35 581.07 0.15 5489.48
599.59 750.38 0.03 3782.29
178.60 819.10 0.11 4647.37
96.61 983.02 0.16 2844.11
916.17 939.58 0.11 8244.90
801.10 336.10 0.12 6836.60
366.15 873.10 0.10 4338.28
429.41 506.01 0.05 4139.35
400.55 284.70 0.09 1118.80
52.28 870.74 0.14 9906.13
171.85 547.27 0.07 9553.88
666.51 983.39 0.07 1488.37
0.86 199.35 0.01 4926.52
913.82 504.22 0.02 4538.48
475.74 464.13 0.08 7345.15
297.76 25.69 0.07 5335.13
146.83 916.56 0.07 4935.16
304.58 944.87 0.05 1565.89
634.78 357.99 0.02 10400.35
778.22 669.50 0.01 6065.39
112.99 289.98 0.01 2374.11
390.56 388.87 0.13 9253.68
290.61 953.65 0.01 9811.83
982.11 955.74 0.15 3101.65
838.24 190.64 0.10 2932.65
452.58 909.10 0.16 9901.70
885.78 908.88 0.15 4736.50
594.04 728.56 0.07 8770.12
879.79 605.63 0.12 6641.08
772.84 577.95 0.23 755.18
754.62 183.08 0.09 1995.69
514.05 381.76 0.04 9148.20
859.83 192.85 0.19 10352.22
837.12 595.91 0.04 718.83
768.26 269.54 0.14 7290.00
721.39 39.08 0.19 8582.99
816.59 701.49 0.07 6492.11
657.52 136.55 0.20 5012.45
396.70 983.65 0.23 8869.22
487.49 482.72 0.24 4861.54
735.50 139.88 0.08 8521.00
439.12 273.75 0.15 2087.22
848.78 744.22 0.15 9274.85
370.29 34.92 0.01 1572.54
499.38 830.65 0.26 2969.22
589.43 427.54 0.16 5182.43
256.58 597.23 0.02 2279.27
329.74 502.01 0.07 2573.29
181.80 614.71 0.31 2659.23
988.34 533.73 0.29 6712.79
29.01 686.06 0.09 5598.83
532.99 791.13 0.33 2858.78
670.15 578.61 0.09 8727.02
699.46 823.62 0.09 5355.44
634.96 872.15 0.03 9712.26
903.12 372.12 0.20 747.21
314.95 399.10 0.05 7941.30
988.84 501.76 0.11 4923.60
141.47 405.29 0.33 3195.86
110.31 703.46 0.02 2941.91
47.39 506.56 0.02 4107.61
318.35 655.50 0.09 1763.99
286.41 356.60 0.06 8952.10
148.97 412.77 0.15 7163.60
640.81 289.19 0.06 10610.28
693.06 886.90 0.12 1713.99
873.68 408.83 0.09 10541.74
632.43 315.39 0.19 1933.21
107.72 614.86 0.02 4085.72
44.37 341.54 0.22 10631.21
684.80 51.29 0.06 7527.50
148.69 753.46 0.38 1572.15
746.97 777.10 0.24 4063.88
669.11 687.24 0.05 1077.48
794.36 425.36 0.04 5457.53
913.89 342.09 0.10 1095.99
374.78 424.60 0.15 5523.64
759.26 767.40 0.14 4847.46
257.61 98.31 0.04 9738.23
120.62 496.58 0.19 6122.57
149.31 793.84 0.01 9903.20
45.89 899.38 0.11 1260.61
774.55 799.36 0.26 1457.39
665.64 161.38 0.22 4191.65
659.37 606.86 0.06 1120.36
218.77 666.20 0.15 7077.53
699.78 362.18 0.17 8242.10
331.11 31.07 0.03 927.04
61.16 928.73 0.16 4719.26
244.53 642.15 0.16 8113.02
557.76 124.29 0.12 10555.63
837.05 147.88 0.08 2649.10
238.75 223.83 0.11 992.54
843.50 945.63 0.19 1587.23
167.63 635.65 0.11 703.68
504.09 320.51 0.07 1105.80
565.49 629.41 0.09 4977.06
369.91 806.81 0.26 6118.47
161.31 817.43 0.04 1193.57
285.26 618.18 0.06 2929.57
847.19 180.09 0.05 5815.75
705.42 449.10 0.06 10625.05
586.24 712.28 0.26 7612.39
902.54 319.07 0.18 9387.17
202.22 952.00 0.07 2128.28
164.38 273.07 0.02 8801.78
