973.28 46.76 0.21 1765.97
679.40 65.61 0.04 9927.50
821.68 46.97 0.08 9409.79
666.66 869.80 0.11 3620.19
615.86 327.60 0.09 8441.94
690.69 82.69 0.22 7592.71
260.83 472.62 0.08 4973.79
426.37 240.62 0.27 1699.03
421.91 556.75 0.21 2795.29
713.81 77.60 0.07 1390.46
288.45 597.12 0.01 2616.36
178.27 368.26 0.15 10645.62
151.43 279.33 0.11 4967.83
668.11 382.66 0.04 4786.50
752.21 605.97 0.02 7345.12
686.90 686.72 0.06 1197.08
573.90 910.97 0.12 4372.42
375.48 843.23 0.14 4569.07
202.88 725.42 0.31 9085.36
60.84 649.66 0.11 5825.24
683.69 279.20 0.01 5981.89
761.06 181.82 0.14 6474.57
257.23 442.62 0.16 2112.75
687.39 723.82 0.02 6112.19
835.03 775.58 0.17 2279.99
226.23 839.41 0.11 8802.98
958.93 405.70 0.17 7774.30
533.84 649.98 0.08 10371.53
203.71 399.43 0.07 9731.66
849.11 995.05 0.01 6341.84
465.76 884.62 0.06 6695.44
667.05 95.93 0.15 5376.62
832.12 859.54 0.20 4632.42
80.19 515.56 0.10 7984.29
321.29 520.43 0.17 2457.86
683.24 786.01 0.06 4696.31
220.88 935.10 0.01 4181.46
607.89 266.57 0.17 8666.54
946.72 691.85 0.02 9095.96
590.79 811.01 0.02 9004.50
922.89 75.79 0.22 8519.08
210.06 986.61 0.21 956.23
166.53 149.34 0.12 6660.96
58.15 178.25 0.18 7104.79
255.89 714.30 0.13 8667.59
108.88 43.94 0.15 6121.14
979.97 104.00 0.18 7721.31
39.97 23.57 0.19 6304.48
968.87 274.85 0.03 3592.35
595.19 993.52 0.15 6422.15
738.51 751.99 0.01 7935.04
568.33 112.70 0.12 10369.58
641.51 529.15 0.11 2980.63
63.13 931.05 0.24 5906.97
417.38 125.83 0.36 7293.40
458.26 860.34 0.05 7275.69
762.17 527.25 0.03 6136.23
929.26 832.94 0.11 4491.13
200.78 125.96 0.11 3934.08
478.78 674.51 0.07 4322.91
943.75 770.31 0.27 843.77
175.94 937.46 0.11 4912.62
35.09 916.45 0.20 4496.39
242.74 793.36 0.03 7532.06
152.50 425.47 0.13 4240.18
471.77 319.82 0.05 3914.38
0.69 921.42 0.07 5067.97
405.74 888.82 0.28 3223.74
375.00 146.64 0.02 10152.34
412.31 233.50 0.14 2843.05
688.89 167.86 0.02 5715.10
519.40 131.95 0.09 1112.75
167.94 19.88 0.12 9871.19
165.13 684.30 0.12 3673.89
515.75 589.10 0.08 3894.25
