109.07 378.42 0.17 1555.80
805.26 908.84 0.16 4470.64
842.94 240.43 0.19 10284.66
196.00 207.01 0.17 5950.35
11.67 768.03 0.22 1878.82
539.19 494.46 0.18 9286.21
64.92 303.88 0.01 3379.40
858.36 254.18 0.13 1711.43
904.14 345.42 0.02 7939.24
587.23 420.08 0.01 5422.37
251.36 644.89 0.05 4587.85
599.14 729.39 0.10 6257.42
603.51 116.52 0.22 1634.68
515.96 925.94 0.01 5298.26
592.62 667.59 0.22 8247.60
879.97 841.68 0.04 10438.71
910.64 75.83 0.15 7592.18
373.63 353.86 0.12 3374.63
633.16 126.33 0.05 865.21
324.23 794.73 0.17 10431.45
171.06 699.95 0.18 6925.64
174.10 11.35 0.13 3950.04
235.36 273.03 0.04 3729.67
976.45 480.39 0.17 2915.24
237.01 707.45 0.21 5612.33
92.12 867.03 0.09 4909.04
263.96 233.19 0.15 10356.29
362.04 490.69 0.23 8723.20
552.88 146.72 0.03 1920.43
940.20 291.52 0.11 2611.73
677.94 660.06 0.15 1541.80
427.44 296.43 0.11 3001.30
256.34 613.34 0.02 9746.75
141.69 529.89 0.06 7514.70
263.13 884.71 0.16 9409.17
8.41 589.87 0.02 802.52
375.20 905.81 0.22 5269.58
418.04 824.96 0.06 5137.53
582.15 924.40 0.09 5107.69
486.39 899.57 0.01 5714.25
513.64 300.44 0.01 5955.54
653.66 207.60 0.05 9884.66
367.64 963.08 0.17 2002.81
788.56 978.95 0.13 3119.58
169.63 781.44 0.02 8190.42
322.85 924.43 0.04 2283.76
543.53 111.70 0.07 3819.75
432.26 963.29 0.14 4539.85
60.93 773.96 0.22 6691.48
796.03 541.42 0.06 2795.04
489.41 362.89 0.02 5140.09
284.97 446.17 0.14 6874.10
313.03 688.82 0.12 10262.50
627.05 929.33 0.15 1302.27
696.93 794.98 0.13 4125.49
194.84 752.05 0.29 3591.90
519.59 981.61 0.07 6775.09
233.28 439.29 0.12 8009.60
204.61 950.45 0.09 3799.90
784.52 12.38 0.26 10019.34
483.14 83.82 0.04 7829.74
635.32 711.62 0.02 2447.19
167.09 599.17 0.10 5227.18
309.87 755.19 0.16 6405.52
395.83 707.64 0.01 8403.87
750.08 985.02 0.14 4830.28
635.15 16.79 0.06 5734.59
422.34 104.54 0.27 3643.62
558.81 190.54 0.22 5401.43
729.15 269.96 0.16 7437.95
895.97 534.99 0.01 7685.30
412.69 651.75 0.12 6602.85
884.11 461.83 0.07 9681.79
5.66 45.77 0.11 7451.01
328.64 830.50 0.06 3356.40
102.96 10.68 0.04 10067.18
517.34 829.15 0.05 3163.78
513.55 904.35 0.15 3662.38
355.09 224.23 0.21 2547.34
357.47 479.49 0.01 6126.88
607.55 661.19 0.12 1175.20
40.73 241.50 0.06 9759.54
2.03 631.31 0.05 7679.06
428.68 860.66 0.27 5056.46
869.36 919.04 0.10 9440.79
722.86 115.13 0.18 4553.75
639.46 629.84 0.03 8192.42
991.55 638.36 0.06 941.95
507.45 75.66 0.01 4933.51
548.04 816.68 0.17 1563.12
880.58 369.64 0.22 9076.32
3.95 565.66 0.27 2817.38
193.84 648.58 0.01 2705.13
526.75 758.47 0.05 10598.39
338.42 698.73 0.15 8936.35
302.70 103.00 0.06 3020.98
484.09 190.33 0.23 5431.58
780.31 274.94 0.08 7257.60
656.97 741.83 0.02 9423.94
807.42 517.81 0.03 1007.76
159.36 797.47 0.02 3431.70
140.68 416.12 0.16 6986.28
863.15 571.67 0.15 8314.69
724.83 525.42 0.14 1195.13
215.32 380.04 0.30 6804.87
674.87 941.32 0.07 1951.42
678.63 427.88 0.09 9055.22
780.57 891.85 0.33 2258.55
285.36 441.39 0.02 3882.28
880.92 948.00 0.10 1718.30
29.80 517.03 0.01 5372.49
345.31 716.76 0.08 9164.63
33.83 4.44 0.10 2593.36
430.61 128.71 0.13 9666.65
359.15 848.58 0.26 6099.24
836.27 873.14 0.14 1284.95
489.83 748.96 0.20 7238.83
251.80 915.19 0.19 4100.25
511.01 387.00 0.19 10339.66
901.65 610.13 0.15 9850.12
759.18 718.49 0.02 9866.30
688.97 979.72 0.16 3463.14
387.62 756.61 0.02 4433.22
207.40 60.79 0.32 6273.92
939.03 536.96 0.24 5437.03
750.63 364.45 0.10 8510.86
270.94 197.20 0.10 9016.63
798.54 371.56 0.22 6783.86
381.69 54.10 0.07 7228.75
873.30 51.81 0.09 8627.33
861.94 269.63 0.02 2626.64
922.78 59.09 0.08 9531.98
471.96 763.24 0.07 10151.76
689.37 196.01 0.08 4285.12
941.96 8.61 0.10 3851.09
68.44 607.09 0.23 7043.45
372.59 836.28 0.09 9081.65
165.95 491.56 0.10 3913.23
489.73 853.24 0.12 2431.39
750.98 941.38 0.19 8523.54
328.50 794.87 0.06 4853.54
899.88 902.35 0.07 6099.00
99.18 136.55 0.09 1606.49
217.32 125.22 0.09 2036.82
584.72 335.82 0.03 9518.18
118.20 176.98 0.29 4170.78
966.90 337.80 0.23 5119.97
581.22 766.75 0.13 6195.74
356.33 727.03 0.03 4683.35
438.99 262.45 0.14 6304.63
921.50 514.67 0.19 6170.69
556.31 358.79 0.02 9877.21
644.99 580.83 0.31 3114.37
712.33 802.63 0.06 1081.68
401.58 394.12 0.09 3100.78
234.83 88.64 0.17 6111.86
843.55 518.35 0.04 5849.83
642.61 571.24 0.07 3734.17
93.50 31.10 0.20 8167.82
759.17 996.52 0.08 7589.07
635.30 156.33 0.02 7561.16
974.36 758.79 0.02 8612.40
163.02 784.07 0.13 8107.92
779.07 677.38 0.15 6667.72
63.12 816.77 0.19 9374.47
65.35 969.61 0.35 2862.08
639.08 345.76 0.24 5400.49
976.69 751.55 0.01 2938.05
122.17 823.00 0.02 9098.34
220.05 169.84 0.11 5371.05
745.29 833.65 0.13 7317.94
259.46 696.18 0.04 6629.62
875.24 953.67 0.09 8755.00
944.01 195.15 0.07 8904.69
849.35 700.67 0.08 9206.54
164.03 348.01 0.07 6718.87
36.83 684.53 0.17 6769.16
610.20 524.81 0.08 6384.82
982.41 546.37 0.14 5176.05
636.64 758.71 0.02 1071.87
62.66 171.44 0.09 8320.78
616.49 633.46 0.19 7679.66
420.50 191.13 0.06 2963.83
722.17 227.93 0.11 2436.77
367.80 477.02 0.13 7937.21
817.45 562.53 0.08 9751.50
209.95 357.70 0.13 2910.39
18.85 601.07 0.17 3564.09
42.71 200.67 0.09 5594.74
463.87 461.85 0.17 9931.77
222.44 618.49 0.11 6590.18
243.73 983.49 0.25 7806.62
111.94 991.39 0.01 5199.22
327.58 792.26 0.31 6684.93
14.30 996.34 0.07 1080.12
958.80 673.05 0.07 1628.39
679.63 510.72 0.03 3254.53
282.80 369.77 0.03 9576.61
596.87 92.96 0.10 1774.64
371.40 803.81 0.07 7532.09
