706.44 485.66 0.07 9818.94
946.74 998.04 0.05 4738.91
357.96 559.17 0.14 8427.57
14.59 690.45 0.11 8214.65
262.45 238.70 0.25 5940.70
96.42 791.66 0.15 2070.94
451.93 642.05 0.09 9413.86
891.25 380.19 0.03 8972.29
679.16 77.98 0.04 5701.99
553.24 817.20 0.04 6330.97
330.54 631.52 0.12 6203.81
754.84 255.18 0.03 5148.65
416.79 201.84 0.18 4148.14
911.68 318.72 0.12 7255.65
904.70 453.05 0.10 4675.88
195.58 321.34 0.11 6236.88
771.79 556.17 0.17 7704.91
500.43 557.44 0.10 9301.30
63.16 9.45 0.14 3734.40
757.98 480.26 0.03 1266.45
841.58 735.79 0.02 5959.80
287.51 285.74 0.11 2700.04
973.74 607.95 0.13 6222.72
265.51 599.74 0.10 9569.30
897.17 993.65 0.02 6367.90
337.34 670.25 0.05 1163.67
296.06 574.75 0.25 7214.30
924.45 474.83 0.07 8920.89
153.14 431.82 0.22 6547.52
574.03 914.15 0.20 3150.10
929.72 915.32 0.06 4528.45
217.87 350.82 0.19 9069.24
61.78 489.73 0.16 1574.53
163.35 940.31 0.21 5521.71
8.99 838.03 0.04 5993.61
666.21 762.83 0.12 5130.94
859.11 917.03 0.15 5740.26
81.92 82.60 0.01 2547.95
125.62 259.94 0.11 6133.93
114.16 945.59 0.14 9180.81
182.08 680.12 0.01 10350.81
630.24 548.99 0.02 9772.80
654.15 133.41 0.03 6761.71
342.40 179.46 0.08 8715.48
555.19 512.66 0.09 3846.29
715.08 572.23 0.07 2168.47
149.80 892.41 0.19 1472.18
6.84 402.82 0.09 700.08
996.12 290.65 0.22 3932.65
634.31 800.86 0.07 6754.68
