285.59 663.23 0.01 5875.22
269.12 759.66 0.19 5306.96
944.85 729.61 0.08 849.98
359.45 141.72 0.06 3025.26
119.20 696.19 0.14 5024.57
84.40 363.19 0.07 5995.17
616.74 741.72 0.04 3332.04
849.45 637.71 0.30 4579.30
182.32 508.05 0.05 1506.80
765.73 371.41 0.18 3759.01
822.16 630.37 0.11 4905.09
215.31 61.92 0.10 4506.69
42.34 435.38 0.18 2188.75
689.05 283.19 0.24 4117.90
579.40 790.55 0.01 2438.05
963.35 614.01 0.11 3097.29
527.11 819.61 0.02 9060.95
92.24 766.52 0.34 708.96
89.19 175.77 0.11 1260.00
117.13 74.18 0.05 7771.14
591.04 756.01 0.04 2747.30
954.90 409.73 0.19 5922.98
869.20 721.95 0.32 4963.61
115.37 382.39 0.14 8085.20
263.84 511.93 0.20 4113.89
